0 0.2934375 0.8699045967042498 0.235625 0.1266261925411969
0 0.3378125 0.7831743278404163 0.214375 0.09540329575021683
0 0.06625 0.9141370338248048 0.1325 0.16825672159583693
0 0.14 0.7987857762359063 0.1275 0.1647875108412836
0 0.20125 0.7129228100607112 0.125 0.15264527320034693
0 0.31875 0.6908065915004337 0.1325 0.1222896790980052
0 0.529375 0.8568950563746748 0.20875 0.13529921942758022
0 0.686875 0.9063313096270599 0.14625 0.17866435385949697
0 0.8025 0.8399826539462273 0.1325 0.24371205550737207
0 0.6325 0.7632263660017347 0.19 0.07632263660017347
0 0.8453125 0.486990459670425 0.109375 0.07892454466608846
0 0.5884375 0.6543798785776236 0.173125 0.09106678230702515
0 0.6903125 0.7007805724197745 0.180625 0.12142237640936687
0 0.435 0.5372940156114484 0.1025 0.12055507372072853
0 0.3403125 0.5754553339115351 0.118125 0.09280138768430182
0 0.2590625 0.6131830008673027 0.175625 0.06418039895923677