0 0.244833984375 0.8649609374999999 0.08897216796875002 0.15732096354166666
0 0.048828125 0.85546875 0.09765625 0.11458333333333333
0 0.152060546875 0.7007942708333333 0.10637451171874997 0.09114583333333333
0 0.074638671875 0.7087109374999999 0.05760009765625001 0.0817285156249999
0 0.6982421875 0.8277473958333333 0.0879260253906251 0.10260904947916671
0 0.641396484375 0.8928515625000001 0.10454467773437504 0.16764322916666666
0 0.61314453125 0.907734375 0.08171630859375001 0.14797200520833353
0 0.48130859375 0.9212239583333334 0.06666748046874998 0.14913574218750014
0 0.494912109375 0.830078125 0.10060302734375004 0.08440266927083329
0 0.662666015625 0.7087109374999999 0.06319824218749992 0.08747070312500001
0 0.760673828125 0.74171875 0.05901123046875001 0.0849609375
0 0.848564453125 0.9426171874999999 0.08628662109374985 0.1097460937500001
0 0.932265625 0.6510416666666666 0.06131347656250008 0.0755664062500001
0 0.853798828125 0.6854557291666666 0.08203125 0.07198567708333337
0 0.709755859375 0.6487109374999999 0.06523803710937504 0.06766113281250008
0 0.5660546875 0.7868359374999999 0.06361572265625015 0.08072916666666667
0 0.5709375 0.7082421874999999 0.05397216796875015 0.0676855468749998
0 0.537109375 0.7263802083333334 0.06682373046875001 0.06291992187499999
0 0.48583984375 0.7087109374999999 0.07484619140624998 0.07298665364583339
0 0.31703125 0.7993880208333333 0.06330322265624999 0.0872851562500001
0 0.552109375 0.6394140624999999 0.05458251953125015 0.0625
0 0.43421875 0.5092057291666666 0.04373535156249997 0.062174479166666664
0 0.303427734375 0.6073307291666666 0.065709228515625 0.08196126302083344