0 0.4821 0.8991228070175439 0.20925833333333332 0.19498245614035076
0 0.2722222222222222 0.8070175438596491 0.1463888888888889 0.14117982456140346
0 0.061733333333333335 0.7124736842105264 0.10774722222222222 0.16154824561403505
0 0.175 0.6808070175438596 0.08154444444444443 0.1301184210526314
0 0.2546333333333333 0.6218245614035087 0.09327222222222221 0.10701754385964912
0 0.3404333333333333 0.6388947368421053 0.09240694444444443 0.1723684210526316
0 0.3996888888888889 0.7041929824561404 0.08422777777777785 0.20567763157894725
0 0.5802444444444445 0.8250526315789474 0.11006111111111118 0.2644254385964911
0 0.7302444444444445 0.7875263157894736 0.09012222222222237 0.19951315789473678
0 0.6435222222222222 0.7958070175438596 0.07561666666666673 0.21189035087719293
0 0.49876666666666664 0.7032105263157894 0.13140416666666674 0.1595263157894736
0 0.7944444444444444 0.7694912280701754 0.065 0.19663596491228066
0 0.8657444444444444 0.7894736842105263 0.07774722222222231 0.19624780701754374
0 0.8240777777777777 0.7373333333333333 0.07331805555555573 0.21744736842105253
0 0.9422888888888888 0.7636491228070175 0.0998305555555554 0.18075000000000005
0 0.09753333333333333 0.5433684210526316 0.07439861111111112 0.0933728070175438
0 0.12932222222222223 0.5745614035087719 0.07216111111111113 0.08421052631578947
0 0.1259222222222222 0.42543859649122806 0.08001527777777777 0.11135526315789468
0 0.18734444444444445 0.49366666666666664 0.07438333333333333 0.1390833333333334
0 0.2515444444444444 0.4926842105263158 0.07222222222222222 0.1175921052631579
0 0.5385777777777778 0.4956140350877193 0.0675 0.1450285087719298