0 0.4821 0.8991228070175439 0.2037 0.17642105263157884
0 0.2722222222222222 0.8070175438596491 0.14444444444444443 0.13645614035087714
0 0.061733333333333335 0.7124736842105264 0.09876666666666666 0.14619298245614043
0 0.175 0.6808070175438596 0.0784 0.1257368421052631
0 0.2546333333333333 0.6218245614035087 0.09197777777777781 0.10526315789473684
0 0.3404333333333333 0.6388947368421053 0.08703333333333338 0.16666666666666666
0 0.3996888888888889 0.7041929824561404 0.07715555555555562 0.19980701754385963
0 0.5802444444444445 0.8250526315789474 0.09382222222222228 0.2504912280701754
0 0.7302444444444445 0.7875263157894736 0.08271111111111117 0.19103508771929822
0 0.6435222222222222 0.7958070175438596 0.0635777777777778 0.20370175438596494
0 0.49876666666666664 0.7032105263157894 0.12345555555555557 0.13936842105263147
0 0.7944444444444444 0.7694912280701754 0.05555555555555555 0.19005263157894745
0 0.8657444444444444 0.7894736842105263 0.06975555555555553 0.19103508771929822
0 0.8240777777777777 0.7373333333333333 0.06543333333333344 0.21150877192982448
0 0.9422888888888888 0.7636491228070175 0.09197777777777774 0.17056140350877197
0 0.09753333333333333 0.5433684210526316 0.0740777777777778 0.09259649122807012
0 0.12932222222222223 0.5745614035087719 0.06975555555555556 0.07894736842105263
0 0.1259222222222222 0.42543859649122806 0.0790111111111111 0.11014035087719294
0 0.18734444444444445 0.49366666666666664 0.06975555555555553 0.13352631578947372
0 0.2515444444444444 0.4926842105263158 0.07222222222222222 0.11792982456140355
0 0.5385777777777778 0.4956140350877193 0.06111111111111111 0.13742105263157897