0 0.244833984375 0.8649609374999999 0.079521484375 0.14881510416666663
0 0.047431640625 0.8561197916666666 0.09486328125 0.10509114583333339
0 0.152060546875 0.7007942708333333 0.10323242187499998 0.08463541666666667
0 0.074638671875 0.7087109374999999 0.051621093750000006 0.07440104166666679
0 0.6982421875 0.8277473958333333 0.08231445312499996 0.09300781250000008
0 0.641396484375 0.8928515625000001 0.09416992187500006 0.15625
0 0.61314453125 0.907734375 0.07393554687500004 0.1413671874999999
0 0.48130859375 0.9212239583333334 0.05580078125000004 0.14230468749999994
0 0.494912109375 0.830078125 0.09974609374999999 0.08277343749999992
0 0.662666015625 0.7087109374999999 0.0613867187499999 0.08555989583333339
0 0.760673828125 0.74171875 0.059287109375000036 0.08463541666666667
0 0.848564453125 0.9426171874999999 0.08440429687500006 0.10695312500000013
0 0.932265625 0.6510416666666666 0.0606835937500001 0.07440104166666672
0 0.853798828125 0.6854557291666666 0.078125 0.06138020833333339
0 0.709755859375 0.6487109374999999 0.06487304687500006 0.0660286458333333
0 0.5660546875 0.7868359374999999 0.06208007812499994 0.078125
0 0.5709375 0.7082421874999999 0.0509179687500001 0.0623177083333332
0 0.537109375 0.7263802083333334 0.06416992187500004 0.057669270833333286
0 0.48583984375 0.7087109374999999 0.07044921875000004 0.06696614583333342
0 0.31703125 0.7993880208333333 0.057900390624999964 0.08091145833333346
0 0.552109375 0.6394140624999999 0.05231445312499994 0.058593749999999924
0 0.43421875 0.5092057291666666 0.04115234374999999 0.05859375
0 0.303427734375 0.6073307291666666 0.06278320312499996 0.0762630208333334