0 0.244833984375 0.8649609374999999 0.08286865234375002 0.15211263020833332
0 0.0478515625 0.85546875 0.095703125 0.109375
0 0.152060546875 0.7007942708333333 0.10738647460937496 0.09407552083333333
0 0.074638671875 0.7087109374999999 0.0558740234375 0.07979817708333344
0 0.6982421875 0.8277473958333333 0.08771728515624999 0.1013769531250001
0 0.641396484375 0.8928515625000001 0.10044677734375007 0.16276041666666666
0 0.61314453125 0.907734375 0.07442749023437512 0.1410432942708336
0 0.48130859375 0.9212239583333334 0.06471435546874998 0.14718261718750014
0 0.494912109375 0.830078125 0.10450927734375004 0.09449381510416661
0 0.662666015625 0.7087109374999999 0.06832519531249992 0.09398111979166668
0 0.760673828125 0.74171875 0.05876708984375001 0.08463541666666667
0 0.84814453125 0.9420572916666666 0.0908203125 0.11588541666666667
0 0.932265625 0.6510416666666666 0.06373779296875015 0.08058919270833331
0 0.853798828125 0.6854557291666666 0.079345703125 0.06417317708333337
0 0.709755859375 0.6487109374999999 0.06816772460937504 0.07254394531250008
0 0.5660546875 0.7868359374999999 0.06727783203125015 0.0859375
0 0.5709375 0.7082421874999999 0.05154785156250008 0.06277994791666656
0 0.537109375 0.7263802083333334 0.06828857421875001 0.06650065104166665
0 0.48583984375 0.7087109374999999 0.07132324218750008 0.06784830729166676
0 0.31703125 0.7993880208333333 0.06257080078124999 0.0872851562500001
0 0.552109375 0.6394140624999999 0.052071533203125187 0.0595703125
0 0.43421875 0.5092057291666666 0.04178222656249997 0.0595703125
0 0.303427734375 0.6073307291666666 0.06720947265624999 0.08254231770833338