0 0.5874658203125 0.9621221864951769 0.0399017333984375 0.0645850080385852
0 0.63720703125 0.9420257234726689 0.0411376953125 0.059435289389067524
0 0.5889892578125 0.917403536977492 0.04779052734375 0.043508842443729906
0 0.38232421875 0.965032154340836 0.0400390625 0.06993569131832797
0 0.1309228515625 0.9179099678456593 0.037933349609375 0.05802853697749196
0 0.081787109375 0.9329823151125403 0.0576171875 0.09548331993569131
0 0.1602197265625 0.865152733118971 0.0606842041015625 0.08345056270096463
0 0.2117919921875 0.8365192926045016 0.033782958984375 0.058505827974276524
0 0.9750390625 0.967644694533762 0.0469818115234375 0.064358922829582
0 0.9649658203125 0.9053456591639871 0.049835205078125 0.05390876205787781
0 0.93841796875 0.927451768488746 0.0552215576171875 0.06124397106109325
0 0.8984375 0.922427652733119 0.0391845703125 0.06491157556270097
0 0.8489990234375 0.9364951768488746 0.05609130859375 0.07918006430868167
0 0.78705078125 0.9450401929260451 0.043975830078125 0.05732516077170418
0 0.77728515625 0.8782154340836013 0.054656982421875 0.047628617363344054
0 0.83099609375 0.845056270096463 0.034271240234375 0.05556672025723473
0 0.9365869140625 0.8395337620578779 0.0496978759765625 0.0620729501607717
0 0.856630859375 0.7877813504823151 0.0361175537109375 0.04642282958199357
0 0.6118798828125 0.840032154340836 0.032684326171875 0.06109324758842444
0 0.6427001953125 0.8566157556270098 0.038604736328125 0.061671020900321546
0 0.284423828125 0.9364951768488746 0.0484619140625 0.09143890675241158
0 0.524599609375 0.8887700964630226 0.050811767578125 0.053707797427652734
0 0.4473876953125 0.9535771704180064 0.06781005859375 0.08269694533762058
0 0.390322265625 0.8671623794212219 0.059600830078125 0.04491559485530547
0 0.434267578125 0.8003456591639871 0.0345306396484375 0.03861032958199357
0 0.7290673828125 0.747588424437299 0.026824951171875 0.03356109324758842
0 0.893857421875 0.8363424437299036 0.04194824218749993 0.05091740353697745
0 0.8914794921875 0.8081672025723473 0.03172485351562493 0.03215032154340845
0 0.98775390625 0.7657877813504823 0.024263916015625053 0.04395297427652734
0 0.9593310546875 0.7611334405144695 0.03428039550781259 0.041614750803858486
0 0.9648388671875 0.6807797427652733 0.029359130859375027 0.030249196141479005
0 0.9312060546875 0.7263504823151126 0.04011413574218747 0.03538786173633425
0 0.90263671875 0.739823151125402 0.02782287597656241 0.03376306270096465
0 0.92064453125 0.677596463022508 0.023969116210937447 0.039399115755627045
0 0.8390966796875 0.719975884244373 0.029643554687499796 0.03591237942122183
0 0.8109765625 0.7621141479099679 0.029305419921874964 0.043727893890675086
0 0.7766015625 0.8361012861736333 0.03566345214843736 0.04038685691318331
0 0.7206494140625 0.9213504823151126 0.04307128906250002 0.09161575562700948
0 0.772734375 0.8044935691318328 0.033675537109374876 0.029656350482315054
0 0.7770458984375 0.787588424437299 0.04048706054687501 0.030450160771704267
0 0.80904296875 0.7138585209003215 0.026221923828124938 0.03550241157556267
0 0.7795751953125 0.7094453376205787 0.028674316406249956 0.039541800643086863
0 0.750263671875 0.6991559485530546 0.03479248046875005 0.04902029742765277
0 0.7306201171875 0.705032154340836 0.03612792968749989 0.03374095659163996
0 0.70279296875 0.7292845659163987 0.0322265625 0.03618569131832787
0 0.6892529296875 0.7025884244372991 0.03463134765624987 0.029254421221864894
0 0.68955078125 0.674903536977492 0.02340942382812483 0.024927652733118963
0 0.724072265625 0.6768649517684887 0.043002319335937456 0.034561897106109234
0 0.738955078125 0.6584887459807074 0.019993896484375107 0.0354602090032154
0 0.47958984375 0.8378135048231511 0.051174316406249976 0.029567926045016006
0 0.483759765625 0.8713745980707396 0.03908752441406249 0.047854702572347266
0 0.5286962890625 0.7934726688102894 0.04491455078125006 0.05952974276527336
0 0.4885205078125 0.7564790996784565 0.028735961914062524 0.05870779742765275
0 0.45384765625 0.7589308681672026 0.032691040039062536 0.03684284565916415
0 0.4327197265625 0.7640755627009647 0.032738647460937464 0.04392584405144691
0 0.514560546875 0.7087138263665594 0.033118286132812536 0.03599075562700949
0 0.5456591796875 0.6893569131832797 0.02780700683593751 0.05872990353697745
0 0.525126953125 0.607540192926045 0.021012573242187527 0.021686093247588394
0 0.4660498046875 0.6570176848874598 0.025971679687500027 0.04909364951768488
0 0.738359375 0.7956752411575563 0.025511474609374973 0.04157556270096465
0 0.7318115234375 0.8177250803858521 0.022473144531250044 0.05047628617363346
0 0.680029296875 0.7942041800643087 0.029210205078124885 0.04828979099678456
0 0.645654296875 0.8093971061093247 0.02992797851562501 0.04828275723472671
0 0.5989306640625 0.8062138263665595 0.0561376953124999 0.03846864951768472
0 0.57095703125 0.7525643086816721 0.030234374999999813 0.05074557877813509
0 0.62943359375 0.7082234726688102 0.024235839843750107 0.0339308681672026
0 0.8843359375 0.6685369774919614 0.033648681640624956 0.03138665594855293
0 0.7687158203125 0.652612540192926 0.026854248046874973 0.041631832797427805
0 0.777939453125 0.6477090032154341 0.025375976562499902 0.02991258038585214
0 0.6885107421875 0.6254180064308682 0.021437988281250098 0.054505627009646354
0 0.8081494140625 0.6435450160771704 0.025352172851562438 0.03322146302250812
0 0.8904345703125 0.6063102893890675 0.03475341796874987 0.0314308681672025
0 0.3179931640625 0.8128215434083601 0.03762084960937506 0.06266077170418011
0 0.2926953125 0.7447186495176848 0.03447753906250006 0.039077572347266845
0 0.2287109375 0.7871061093247588 0.04334472656249999 0.040386856913183125
0 0.179306640625 0.7839147909967846 0.04636230468750002 0.05606410771704187
0 0.0504443359375 0.9206109324758842 0.04819458007812499 0.07736937299035365
0 0.015380859375 0.9284565916398714 0.03076171875 0.05466237942122187
0 0.053271484375 0.8752893890675241 0.0430975341796875 0.05481913183279756
0 0.095234375 0.8799437299035371 0.051538085937500006 0.054701567524115695
0 0.098359375 0.802532154340836 0.030681152343750018 0.04724075562700977
0 0.1261865234375 0.8123311897106109 0.033619995117187496 0.04443327974276535
0 0.045087890625 0.7518247588424437 0.026859130859374997 0.041071141479099654
0 0.017412109375 0.7608922829581993 0.027812500000000004 0.03288082797427648
0 0.076337890625 0.6893569131832797 0.037120971679687496 0.03638464630225084
0 0.1738037109375 0.7278215434083601 0.03605346679687499 0.0410681270096464
0 0.2296044921875 0.755257234726688 0.02634216308593751 0.031000803858520946
0 0.31962890625 0.7621141479099679 0.028328857421875075 0.03703175241157547
0 0.3348046875 0.7381109324758842 0.031748657226562504 0.033735932475884224
0 0.2992431640625 0.6989147909967846 0.03432861328125003 0.043401326366559516
0 0.2855517578125 0.690096463022508 0.027252197265625 0.03767885852090028
0 0.25326171875 0.7182636655948553 0.03369384765624997 0.036017885852090106
0 0.1111572265625 0.6592282958199357 0.02964355468749999 0.0389137861736333
0 0.1245458984375 0.6663263665594855 0.02554870605468751 0.027658762057877834
0 0.15103515625 0.6481993569131833 0.03271484375 0.03443528938906741
0 0.192548828125 0.6954823151125401 0.03518554687500003 0.03776527331189694