0 0.2867651006711409 0.9464210526315789 0.07809395973154364 0.09378947368421044
0 0.1156241610738255 0.9024 0.06040268456375839 0.0784631578947368
0 0.11836241610738256 0.8095789473684211 0.1122684563758389 0.1186526315789474
0 0.1802953020134228 0.8234526315789473 0.06406711409395974 0.06985263157894726
0 0.8505234899328858 0.8842105263157894 0.09273825503355694 0.1186526315789474
0 0.7959060402684565 0.7789473684210526 0.0811409395973155 0.08037894736842095
0 0.7611409395973153 0.8066947368421052 0.07504697986577193 0.07463157894736852
0 0.7861476510067114 0.8904210526315789 0.07626845637583884 0.07751578947368432
0 0.6903624161073826 0.8669894736842105 0.04820134228187923 0.07273684210526306
0 0.7080536912751678 0.7751157894736842 0.045758389261744935 0.1186526315789474
0 0.6555838926174496 0.7698526315789473 0.07138255033557041 0.10812631578947371
0 0.6214093959731544 0.8889894736842104 0.08602684563758393 0.13589473684210518
0 0.5777852348993289 0.7789473684210526 0.04515436241610737 0.1186526315789474
0 0.7657046979865773 0.5803789473684211 0.05979865771812074 0.06602105263157898
0 0.46826845637583897 0.9124421052631579 0.07016107382550334 0.09473684210526316
0 0.37828187919463085 0.8846947368421053 0.061006711409396036 0.10431578947368411
0 0.3996375838926175 0.8636421052631579 0.08420134228187921 0.07751578947368432
0 0.32581208053691274 0.7775157894736842 0.06955704697986577 0.1253684210526315
0 0.24923489932885906 0.7722526315789473 0.0738255033557047 0.13397894736842103
0 0.192496644295302 0.7492842105263159 0.04820134228187921 0.08612631578947362