0 0.148232421875 0.7049869791666666 0.10935791015625 0.09516764322916675
0 0.24134765625 0.8668098958333333 0.07840332031249997 0.15211263020833332
0 0.347724609375 0.8449609374999999 0.13277832031250003 0.17703776041666655
0 0.7571875 0.7407942708333333 0.06154052734375015 0.08019368489583349
0 0.48095703125 0.9212239583333334 0.07139404296875007 0.13950846354166657
0 0.70033203125 0.8319401041666666 0.08952880859375001 0.10100585937499999
0 0.8486328125 0.94140625 0.076171875 0.1171875
0 0.662314453125 0.7101041666666666 0.06617919921874993 0.09114583333333333
0 0.64173828125 0.8816927083333334 0.107421875 0.1403222656250002
0 0.61244140625 0.9100651041666666 0.07195190429687481 0.14376464843749984
0 0.550712890625 0.9119270833333334 0.06644042968750008 0.09644856770833332
0 0.851005859375 0.6956901041666667 0.083251953125 0.09207682291666656
0 0.9326171875 0.6501171875 0.06427978515624999 0.0715690104166667
0 0.564658203125 0.7858984375000001 0.06938842773437504 0.08698404947916642
0 0.40736328125 0.7045182291666667 0.06058105468749997 0.08342773437499999
0 0.349814453125 0.7142838541666667 0.0693359375 0.10340006510416659
0 0.267861328125 0.732421875 0.06370361328124999 0.08142740885416681
0 0.04736328125 0.849609375 0.0947265625 0.11067708333333333
0 0.70103515625 0.5836067708333333 0.05632568359375001 0.05092122395833328
0 0.48130859375 0.7119661458333333 0.05276977539062494 0.06635904947916653
0 0.56919921875 0.7077734375000001 0.05695556640624999 0.0687304687500001
0 0.536064453125 0.7245182291666666 0.06876098632812488 0.06108235677083318
0 0.553154296875 0.6361588541666666 0.053466796875 0.06926595052083344
0 0.58314453125 0.6087239583333334 0.07066162109374985 0.05798828124999996
0 0.43421875 0.5124609375 0.046875 0.0641731770833333
0 0.305869140625 0.595234375 0.064208984375 0.06115071614583334
0 0.497353515625 0.8351953124999999 0.09300048828124996 0.0797753906250002
0 0.97119140625 0.5891927083333334 0.0576171875 0.05859375
0 0.707900390625 0.6515104166666666 0.08181030273437506 0.08330240885416666
0 0.645576171875 0.5699348958333333 0.04098632812500003 0.041731770833333424
0 0.5220703125 0.5601432291666667 0.05002319335937494 0.04292643229166678
0 0.5995703125 0.5353385416666666 0.04095703125000005 0.045706380208333286
0 0.54458984375 0.5299088541666667 0.03642822265625001 0.04743001302083331
0 0.4757421875000001 0.6212630208333333 0.07434326171875005 0.10802734374999996
0 0.3703515625 0.5829817708333334 0.04570800781250006 0.06642415364583343
0 0.3519140625 0.5214192708333333 0.03721191406250002 0.05330729166666659
0 0.179951171875 0.7602734375 0.095487060546875 0.05247721354166668
0 0.20736328125 0.7145833333333332 0.06447143554687501 0.04563964843749998
0 0.076357421875 0.7102343750000001 0.0625341796875 0.07122070312499999
0 0.1672265625 0.6134375 0.04200439453124999 0.059804687500000085