0 0.110578125 0.6373762376237624 0.1705546875 0.20577970297029702
0 0.6216875 0.8211138613861386 0.18774218749999996 0.3270173267326733
0 0.49159375 0.6292821782178218 0.17385742187499992 0.21836943069306938
0 0.49309375 0.436980198019802 0.13425390625000003 0.1710272277227722
0 0.220546875 0.5835891089108911 0.12355859375000004 0.14915841584158426
0 0.25570312500000003 0.47648514851485146 0.10940625000000007 0.14218440594059406
0 0.784859375 0.43126237623762376 0.12965624999999986 0.1905940594059406
0 0.9350937500000001 0.6102475247524751 0.10805468749999995 0.1700804455445544
0 0.57871875 0.20705445544554457 0.145703125 0.20021039603960394
0 0.5216406250000001 0.2879950495049505 0.11284570312500009 0.10391398514851485
0 0.6811875 0.2722772277227723 0.07442968749999998 0.11362623762376234
0 0.95371875 0.2161138613861386 0.088671875 0.1906188118811881
0 0.8647812500000001 0.21752475247524752 0.08544140624999982 0.18243193069306926
0 0.747296875 0.20754950495049504 0.08590625000000003 0.19830445544554456
0 0.406546875 0.19136138613861386 0.12848437499999998 0.08201732673267324
0 0.262015625 0.22467821782178216 0.13900195312500002 0.08158725247524747