0 0.3921875 0.6552083333333333 0.07953125 0.12489583333333333
0 0.494925 0.6838583333333333 0.11517578125 0.09606770833333333
0 0.5964875000000001 0.709375 0.13626953125 0.10234375
0 0.646875 0.9197916666666667 0.165 0.1490625
0 0.77578125 0.9020833333333333 0.166171875 0.130625
0 0.515625 0.9125 0.140234375 0.16489583333333332
0 0.325 0.9010416666666666 0.137578125 0.12421875
0 0.16055 0.88125 0.11509765625 0.15583333333333332
0 0.075 0.8390666666666667 0.11625 0.12986979166666668
0 0.0433625 0.5947916666666667 0.0458203125 0.08677083333333334
0 0.10195625 0.7114583333333333 0.08748046875 0.07494791666666667
0 0.15351875 0.7572916666666667 0.1291796875 0.0784375
0 0.321875 0.7041666666666667 0.11765625 0.09520833333333334
0 0.4375 0.8182333333333335 0.118828125 0.11424479166666666
0 0.3418 0.7979166666666667 0.08431640625 0.114375
0 0.7480500000000001 0.7166666666666667 0.14728515625 0.10645833333333334
0 0.77109375 0.8104166666666667 0.1563671875 0.10583333333333333
0 0.8816437500000001 0.6427083333333333 0.1194921875 0.10510416666666667
0 0.757425 0.625 0.1387109375 0.10479166666666667
0 0.52265625 0.5932333333333333 0.1348828125 0.09591145833333334
0 0.93125 0.5421916666666666 0.112421875 0.08942708333333334
0 0.87109375 0.515625 0.056796875 0.0715625
0 0.7527375000000001 0.475 0.0712109375 0.066875
0 0.6230500000000001 0.42031666666666667 0.0549609375 0.11161458333333334
0 0.20546875 0.6989583333333333 0.091328125 0.09239583333333333
0 0.06875 0.5072916666666667 0.056171875 0.08901041666666666
0 0.17578125 0.46615 0.0773828125 0.084140625
0 0.640625 0.5145833333333333 0.06390625 0.07833333333333334
0 0.5714875 0.5171916666666667 0.0545703125 0.06921875
0 0.52070625 0.5364583333333334 0.0648046875 0.0590625