0 0.3074765625 0.7936527777777778 0.103962890625 0.15724305555555546
0 0.2921328125 0.702375 0.06584765624999997 0.06011805555555551
0 0.5675234375 0.6532777777777778 0.0869140625 0.07336458333333332
0 0.5298515625 0.5793611111111111 0.07015917968750003 0.08045659722222227
0 0.45340625 0.5947361111111111 0.07664648437499988 0.07078472222222226
0 0.6520625 0.7410694444444446 0.061732421875000124 0.10729166666666666
0 0.74609375 0.6924583333333333 0.08264550781250009 0.10181076388888878
0 0.7765078125 0.7901805555555554 0.06859667968749986 0.13479687499999973
0 0.8523984375 0.7703333333333333 0.06400585937500018 0.12510069444444444
0 0.5228828125 0.7891805555555556 0.10011132812499994 0.14742013888888877
0 0.46205468749999995 0.6760972222222223 0.03991308593750009 0.08859201388888881
0 0.228515625 0.7247083333333333 0.05262304687500006 0.09278298611111116
0 0.2720390625 0.6279722222222222 0.07985546875000002 0.09290625000000005
0 0.2000546875 0.5808472222222222 0.05284570312500001 0.07767708333333334
0 0.3395625 0.5952361111111111 0.047795898437500026 0.08216840277777777
0 0.439734375 0.4990138888888889 0.045564453124999994 0.06954513888888887
0 0.5259453125 0.5 0.06409082031250009 0.06373958333333324
0 0.5979375 0.49801388888888887 0.05385058593749985 0.04853645833333344
0 0.6361640625 0.5625 0.053068359375000006 0.08080208333333334
0 0.6640625 0.5401805555555556 0.03931347656249997 0.06252430555555562
0 0.7608828125 0.5699444444444445 0.06863867187499988 0.08739930555555557
0 0.7943671875 0.672625 0.04995800781249997 0.070907986111111