0 0.5506944444444445 0.8119791666666667 0.14027777777777778 0.08411458333333334
0 0.18958333333333333 0.9640625 0.12118055555555556 0.07005208333333333
0 0.22916666666666666 0.8776041666666666 0.10868055555555556 0.09296875
0 0.7118055555555556 0.9078125 0.15833333333333333 0.07161458333333333
0 0.5048611111111111 0.9651041666666667 0.13194444444444445 0.06979166666666667
0 0.3695833333333334 0.8478020833333333 0.09395138888888886 0.09773437500000005
0 0.2489722222222222 0.83359375 0.1705295138888889 0.07610286458333348
0 0.45463888888888887 0.83040625 0.1067638888888889 0.0519036458333332
0 0.5733194444444445 0.8892708333333333 0.12089236111111099 0.0716796875
0 0.6463888888888889 0.8576666666666667 0.15661631944444446 0.05972005208333329
0 0.9197083333333335 0.8579583333333333 0.11703472222222204 0.058361979166666585
0 0.46894444444444444 0.7411041666666667 0.12402777777777771 0.06154557291666667
0 0.37963888888888886 0.7361770833333333 0.06758680555555555 0.04895312499999989
0 0.1840138888888889 0.6573125 0.11776388888888886 0.05520312499999989
0 0.21223611111111113 0.5996145833333333 0.07739062499999999 0.04477343749999984
0 0.32436111111111104 0.6683333333333333 0.08132986111111112 0.06664322916666686
0 0.4461388888888889 0.6778958333333333 0.12359722222222223 0.04185937499999994
0 0.5682916666666666 0.6921041666666666 0.12360416666666667 0.04037369791666687
0 0.629375 0.7416874999999999 0.10581249999999992 0.0602291666666666
0 0.6966527777777778 0.5398854166666667 0.0907447916666666 0.0437760416666667
0 0.6877500000000001 0.6204895833333333 0.09132638888888896 0.042671874999999915
0 0.7140416666666667 0.6651354166666666 0.07777777777777778 0.046406249999999954