0 0.148232421875 0.7049869791666666 0.10533203125000001 0.08555989583333339
0 0.24134765625 0.8668098958333333 0.07533203124999999 0.14881510416666663
0 0.347724609375 0.8449609374999999 0.12486328125000001 0.16648437499999988
0 0.7571875 0.7407942708333333 0.0606835937500001 0.07904947916666671
0 0.48095703125 0.9212239583333334 0.06487304687500006 0.13485677083333325
0 0.70033203125 0.8319401041666666 0.08370117187500004 0.09022135416666661
0 0.848916015625 0.9427083333333334 0.07393554687500004 0.11458333333333333
0 0.662314453125 0.7101041666666666 0.0606835937500001 0.08463541666666667
0 0.64173828125 0.8816927083333334 0.09765625 0.12648437500000012
0 0.61244140625 0.9100651041666666 0.06975585937500006 0.14230468749999994
0 0.550712890625 0.9119270833333334 0.0606835937500001 0.09022135416666661
0 0.851005859375 0.6956901041666667 0.078125 0.08184895833333328
0 0.9326171875 0.6501171875 0.06278320312499996 0.06882812500000002
0 0.564658203125 0.7858984375000001 0.06487304687500006 0.07998697916666675
0 0.40736328125 0.7045182291666667 0.05580078124999999 0.07720052083333329
0 0.349814453125 0.7142838541666667 0.0634765625 0.09673177083333329
0 0.267861328125 0.732421875 0.06138671875000001 0.07720052083333329
0 0.0458984375 0.8502604166666666 0.091796875 0.1015625
0 0.70103515625 0.5836067708333333 0.054404296875000036 0.04743489583333327
0 0.48130859375 0.7119661458333333 0.053017578124999964 0.06602864583333339
0 0.56919921875 0.7077734375000001 0.053017578124999964 0.061380208333333464
0 0.536064453125 0.7245182291666666 0.06766601562499996 0.057669270833333286
0 0.553154296875 0.6361588541666666 0.048828125 0.06324218750000006
0 0.58314453125 0.6087239583333334 0.06975585937500006 0.05486979166666665
0 0.43421875 0.5124609375 0.0439453125 0.06138020833333332
0 0.305869140625 0.595234375 0.0634765625 0.059518229166666714
0 0.497353515625 0.8351953124999999 0.09068359375000001 0.07440104166666679
0 0.971494140625 0.5895052083333333 0.05700195312499989 0.05656250000000007
0 0.707900390625 0.6515104166666666 0.07928710937500005 0.0778776041666666
0 0.645576171875 0.5699348958333333 0.03882812499999999 0.03828124999999997
0 0.5220703125 0.5601432291666667 0.049599609374999964 0.041328125000000014
0 0.5995703125 0.5353385416666666 0.03882812499999999 0.04220052083333329
0 0.54458984375 0.5299088541666667 0.03458984375000007 0.043502604166666625
0 0.4757421875000001 0.6212630208333333 0.07178710937500005 0.10528645833333328
0 0.3703515625 0.5829817708333334 0.04242187500000005 0.06264322916666669
0 0.3519140625 0.5214192708333333 0.03361328124999996 0.04916666666666666
0 0.179951171875 0.7602734375 0.09495117187500002 0.050026041666666764
0 0.20736328125 0.7145833333333332 0.06362304687500003 0.04220052083333344
0 0.076357421875 0.7102343750000001 0.058730468749999994 0.06483072916666661
0 0.1672265625 0.6134375 0.04208984375000002 0.059166666666666735