0 0.110578125 0.6373762376237624 0.1736796875 0.21506188118811878
0 0.6216875 0.8211138613861386 0.19008593749999997 0.3294925742574258
0 0.49159375 0.6292821782178218 0.16568359375000002 0.20035272277227723
0 0.49309375 0.436980198019802 0.12956640625000002 0.1611262376237623
0 0.220546875 0.5835891089108911 0.12446093750000002 0.1491831683168318
0 0.25570312500000003 0.47648514851485146 0.11253125000000004 0.15022896039603958
0 0.784859375 0.43126237623762376 0.12303124999999984 0.1775990099009901
0 0.9350937500000001 0.6102475247524751 0.1053945312499998 0.16486695544554458
0 0.57871875 0.20705445544554457 0.15 0.20777846534653463
0 0.5216406250000001 0.2879950495049505 0.11514453124999999 0.10881806930693075
0 0.6811875 0.2722772277227723 0.07794531249999999 0.1185767326732673
0 0.95371875 0.2161138613861386 0.079296875 0.18071782178217818
0 0.8647812500000001 0.21752475247524752 0.08572656250000002 0.18293316831683168
0 0.747296875 0.20754950495049504 0.09410937500000002 0.205730198019802
0 0.406546875 0.19136138613861386 0.13160937499999997 0.09934405940594057
0 0.262015625 0.22467821782178216 0.137439453125 0.06982982673267321