0 0.5328125 0.5458333333333333 0.075 0.09166666666666666
0 0.594140625 0.6885416666666667 0.06953125 0.15625
0 0.462890625 0.6401041666666667 0.08828125 0.08854166666666667
0 0.38203125 0.5942708333333333 0.0890625 0.07604166666666666
0 0.43671875 0.48385416666666664 0.0515625 0.11354166666666667
0 0.46015625 0.37083333333333335 0.0640625 0.09583333333333334
0 0.433203125 0.22291666666666668 0.04609375 0.07083333333333333
0 0.581640625 0.2015625 0.05859375 0.04479166666666667
0 0.538671875 0.22239583333333332 0.06796875 0.03229166666666667
0 0.158203125 0.58125 0.08203125 0.14583333333333334
0 0.034375 0.7098958333333333 0.06875 0.14479166666666668
0 0.084765625 0.8208333333333333 0.10859375 0.1625
0 0.82421875 0.7203125 0.1046875 0.190625
0 0.95 0.646875 0.1 0.12708333333333333
0 0.87109375 0.5895833333333333 0.1078125 0.0875
0 0.96171875 0.5328125 0.0765625 0.08645833333333333
0 0.877734375 0.48333333333333334 0.07421875 0.10833333333333334
0 0.797265625 0.4869791666666667 0.07578125 0.140625
0 0.737109375 0.3494791666666667 0.06640625 0.078125
0 0.719921875 0.28229166666666666 0.05546875 0.06458333333333334
0 0.784375 0.25885416666666666 0.05625 0.06770833333333333
0 0.866796875 0.36041666666666666 0.06328125 0.125
0 0.924609375 0.41041666666666665 0.06640625 0.058333333333333334
0 0.950390625 0.3776041666666667 0.08359375 0.05520833333333333
0 0.0578125 0.5260416666666666 0.09375 0.08541666666666667
0 0.0421875 0.46510416666666665 0.084375 0.06770833333333333
0 0.216015625 0.3546875 0.06328125 0.06770833333333333
0 0.02265625 0.33645833333333336 0.0453125 0.06041666666666667
0 0.028515625 0.3765625 0.05234375 0.078125
0 0.155078125 0.3885416666666667 0.05703125 0.09375
0 0.112109375 0.4088541666666667 0.06796875 0.11770833333333333
0 0.05859375 0.40208333333333335 0.0484375 0.07083333333333333
0 0.251171875 0.2713541666666667 0.06171875 0.06354166666666666
0 0.189453125 0.24166666666666667 0.04453125 0.075
0 0.285546875 0.17708333333333334 0.04140625 0.058333333333333334
0 0.666796875 0.221875 0.06484375 0.06875
0 0.72734375 0.19791666666666666 0.0453125 0.0625
0 0.8375 0.225 0.046875 0.075
0 0.797265625 0.2015625 0.05234375 0.065625
0 0.68125 0.11822916666666666 0.059375 0.04895833333333333
0 0.671875 0.08385416666666666 0.059375 0.051041666666666666
0 0.40234375 0.07864583333333333 0.0515625 0.053125
0 0.36015625 0.11041666666666666 0.0421875 0.05416666666666667
0 0.308203125 0.109375 0.04140625 0.07708333333333334
0 0.807421875 0.11458333333333333 0.02890625 0.05