0 0.6423008849557522 0.7329411764705882 0.14845132743362838 0.24382352941176463
0 0.17092920353982302 0.5981764705882353 0.15486725663716813 0.15276470588235294
0 0.8296460176991151 0.6219411764705882 0.15345132743362835 0.18123529411764708
0 0.9124336283185841 0.5991176470588235 0.12774336283185841 0.17170588235294115
0 0.8018141592920355 0.43641176470588233 0.10920353982300889 0.14423529411764707
0 0.3011504424778761 0.4340588235294118 0.10849557522123895 0.16982352941176473
0 0.6023451327433628 0.2371764705882353 0.12845132743362825 0.11764705882352941
0 0.9577433628318583 0.2585294117647059 0.07991150442477878 0.1413529411764706
0 0.8742477876106195 0.26141176470588234 0.08420353982300897 0.13947058823529415
0 0.5280973451327433 0.4274117647058823 0.11703539823008845 0.1489411764705882
0 0.43535398230088496 0.38470588235294123 0.11991150442477874 0.1167058823529412
0 0.5459734513274336 0.3216470588235294 0.10132743362831861 0.08158823529411767