0 0.38646250000000004 0.8736166666666666 0.05972187500000004 0.08305416666666664
0 0.41945 0.9268500000000001 0.06657968749999994 0.10502291666666641
0 0.5809000000000001 0.7717666666666667 0.08725625000000008 0.07601666666666669
0 0.7180500000000001 0.7125 0.04821249999999992 0.061204166666666615
0 0.6458375 0.6801 0.03401093750000001 0.06043958333333326
0 0.6677124999999999 0.7046333333333333 0.038887499999999874 0.06662083333333328
0 0.9513875 0.7263833333333333 0.05791718750000001 0.06381875000000017
0 0.7170125 0.5148166666666666 0.03916718750000001 0.049560416666666544
0 0.6729125 0.6055499999999999 0.0524656250000001 0.06824166666666676
0 0.6354125 0.5078666666666667 0.03649374999999999 0.05143333333333336
0 0.597575 0.5263833333333333 0.03375 0.05185000000000002
0 0.39513750000000003 0.7861166666666667 0.07876718750000009 0.08011666666666675
0 0.16423749999999998 0.73195 0.0475 0.06805416666666683
0 0.2045125 0.7046333333333333 0.04399374999999999 0.07513749999999997
0 0.135075 0.6379666666666666 0.0571875 0.051666666666666666
0 0.228825 0.6426 0.04786406249999999 0.05210624999999993
0 0.2427125 0.5847166666666667 0.04503437499999997 0.03652916666666651
0 0.2184 0.5291666666666667 0.0325 0.07226874999999988