0 0.2867651006711409 0.9464210526315789 0.07788255033557052 0.09514473684210531
0 0.1156241610738255 0.9024 0.06040268456375839 0.07803684210526315
0 0.11836241610738256 0.8095789473684211 0.11296644295302011 0.12071578947368428
0 0.1802953020134228 0.8234526315789473 0.06836577181208055 0.08009473684210518
0 0.8505234899328858 0.8842105263157894 0.10036577181208028 0.13440000000000007
0 0.7959060402684565 0.7789473684210526 0.08296140939597328 0.0874157894736843
0 0.7611409395973153 0.8066947368421052 0.07815771812080533 0.08444736842105277
0 0.7861476510067114 0.8904210526315789 0.08050671140939623 0.08811052631578964
0 0.6903624161073826 0.8669894736842105 0.04963422818791949 0.07555263157894722
0 0.7080536912751678 0.7751157894736842 0.04749832214765103 0.11851578947368413
0 0.6555838926174496 0.7698526315789473 0.07687583892617439 0.11641052631578938
0 0.6214093959731544 0.8889894736842104 0.09130536912751668 0.14502631578947378
0 0.5777852348993289 0.7789473684210526 0.0447382550335571 0.11851578947368437
0 0.7657046979865773 0.5803789473684211 0.06066275167785223 0.06746315789473675
0 0.46826845637583897 0.9124421052631579 0.07252852348993295 0.09947368421052631
0 0.37828187919463085 0.8846947368421053 0.06836409395973152 0.11409210526315794
0 0.3996375838926175 0.8636421052631579 0.08451845637583885 0.07837368421052623
0 0.32581208053691274 0.7775157894736842 0.06976845637583895 0.12435526315789479
0 0.24923489932885906 0.7722526315789473 0.08154362416107383 0.1435894736842106
0 0.192496644295302 0.7492842105263159 0.0496493288590604 0.08787105263157916