0 0.588171875 0.7842222222222222 0.05157617187500012 0.12767881944444417
0 0.5304140625 0.7629027777777777 0.04504785156249991 0.10002430555555546
0 0.46763281250000005 0.841763888888889 0.06194140625000007 0.07167708333333311
0 0.7681328125 0.7961250000000001 0.07813867187499994 0.12185069444444455
0 0.8021796875 0.7197361111111111 0.07106640625000012 0.10714236111111101
0 0.9148984375 0.7326388888888888 0.0624160156250003 0.12688541666666678
0 0.6400703125 0.6493055555555556 0.05546875 0.08189583333333338
0 0.888671875 0.49602777777777773 0.03856054687500006 0.07549652777777772
0 0.8956484375 0.5922638888888889 0.0338730468749997 0.060218749999999946
0 0.3953671875 0.9538749999999999 0.07738574218749994 0.08050520833333318
0 0.338171875 0.8630972222222222 0.050223632812499995 0.14169097222222243
0 0.2664609375 0.890375 0.0609375 0.13360590277777804
0 0.41657031250000004 0.7534722222222222 0.03751367187499999 0.12911631944444438
0 0.3507265625 0.7505000000000001 0.032560546875000006 0.07777777777777778
0 0.421875 0.6617083333333333 0.0482421875 0.057217013888888994
0 0.46763281250000005 0.6076388888888888 0.029158203124999994 0.08705208333333335
0 0.5365546875 0.45883333333333337 0.028152343750000065 0.07504861111111107
0 0.404578125 0.4990138888888889 0.03524023437500001 0.06949305555555552
0 0.2642265625 0.7827361111111112 0.05238574218749994 0.042732638888889105
0 0.24971875 0.8244027777777778 0.0396767578125 0.05686979166666693
0 0.6919609375 0.6681527777777778 0.0490234375 0.07455208333333335
0 0.7059140625 0.5525833333333333 0.02421875 0.0862604166666666
0 0.7508359375 0.438 0.02370214843750009 0.08199479166666666
0 0.8660703125 0.3784722222222222 0.044544921875000296 0.051289930555555564
0 0.6640625 0.4201388888888889 0.040345703124999945 0.07043750000000004
0 0.2254453125 0.6205416666666667 0.0359375 0.09032638888888884
0 0.26925 0.6111111111111112 0.024986328125000058 0.07748090277777778
0 0.2846015625 0.5505972222222222 0.025669921874999967 0.05644791666666672
0 0.1869453125 0.8268888888888889 0.046818359374999965 0.08452430555555535
0 0.13253125 0.8735138888888888 0.0422158203125 0.08608680555555534