0 0.44252343749999995 0.6111111111111112 0.09710156249999997 0.2142916666666666
0 0.505859375 0.5719305555555556 0.07979687500000007 0.12202777777777779
0 0.5546875 0.7103194444444445 0.09821093750000003 0.12301388888888896
0 0.6749453125 0.7842222222222222 0.17913281249999996 0.13194444444444445
0 0.9266171875 0.7728194444444444 0.13225781249999996 0.16468055555555547
0 0.8044062500000001 0.6810555555555555 0.12890625 0.13987500000000005
0 0.9266171875 0.5664722222222223 0.09765625 0.12102777777777776
0 0.8883906250000001 0.5218194444444444 0.09821093750000003 0.09523611111111117
0 0.9266171875 0.4717222222222222 0.07533593749999987 0.07440277777777785
0 0.7525078125 0.5302638888888889 0.08538281249999997 0.10416666666666667
0 0.7865546875 0.5034722222222222 0.09207812500000001 0.07837499999999993
0 0.5968203125 0.5659722222222222 0.07198437500000007 0.16369444444444448
0 0.6732734375 0.6170694444444444 0.10882031249999997 0.09920833333333326
0 0.371375 0.6319444444444444 0.08872656249999995 0.1607083333333334
0 0.220421875 0.8467222222222222 0.150671875 0.16170833333333343
0 0.35658593750000006 0.8516805555555556 0.11272656250000002 0.13194444444444445
0 0.2140078125 0.7465277777777778 0.13560156250000002 0.0605138888888888
0 0.2759453125 0.6914722222222223 0.11997656250000004 0.10912499999999992