0 0.5150125 0.9497333333333334 0.07009609374999996 0.09440520833333305
0 0.54420625 0.8578500000000001 0.06435312499999996 0.07950416666666654
0 0.41346875 0.8904833333333333 0.06750390624999994 0.06329583333333327
0 0.2969 0.92225 0.06402265624999998 0.07912083333333347
0 0.295825 0.8506916666666666 0.05747031249999999 0.07347708333333344
0 0.35615 0.8575666666666666 0.07755312499999999 0.08493125000000001
0 0.43579375 0.8232166666666666 0.07887187499999997 0.09472291666666668
0 0.47744375 0.8186333333333333 0.0562781249999999 0.07076874999999992
0 0.65154375 0.8469749999999999 0.06335781249999997 0.08916249999999991
0 0.7445 0.8398166666666667 0.06059999999999974 0.06336666666666664
0 0.8606437499999999 0.85155 0.06501875000000013 0.06849062500000003
0 0.67258125 0.9548833333333332 0.06815312500000005 0.08020104166666632
0 0.8123375 0.9445833333333333 0.07860624999999999 0.08957499999999982
0 0.8527 0.7868666666666667 0.05423281249999974 0.06415416666666678
0 0.703925 0.7261833333333333 0.045001562500000036 0.07617083333333331
0 0.91624375 0.8212083333333333 0.06498750000000002 0.0591958333333334
0 0.973125 0.8020833333333334 0.05375 0.04770833333333333
0 0.96218125 0.9042166666666667 0.0593992187500001 0.09080520833333329
0 0.7453562499999999 0.7774166666666666 0.04803750000000008 0.05634374999999996
0 0.8001 0.7685416666666667 0.061267187499999806 0.04919791666666659
0 0.9392125 0.7442166666666666 0.054862500000000126 0.06832083333333344
0 0.43923124999999996 0.6697916666666667 0.038599999999999995 0.054187500000000076
0 0.387275 0.7090083333333332 0.043742187499999974 0.052372916666666734
0 0.32136875000000004 0.7379166666666667 0.04945468750000003 0.06376458333333328
0 0.36988750000000004 0.6551916666666667 0.05255937500000002 0.04268749999999993
0 0.50491875 0.7490833333333333 0.04614843749999992 0.06850312499999991
0 0.41969375 0.7307583333333333 0.044103125000000035 0.05180000000000007
0 0.4598375 0.7382000000000001 0.051372656249999975 0.07309895833333334
0 0.55945 0.7384916666666667 0.05311015624999996 0.053354166666666744
0 0.62814375 0.8060416666666667 0.054887500000000033 0.06582708333333338
0 0.6873937499999999 0.798025 0.04873593749999998 0.062260416666666554