0 0.1898548387096774 0.8427619047619047 0.1077116935483871 0.25791071428571455
0 0.6811129032258065 0.7519761904761905 0.07127016129032258 0.1998035714285712
0 0.5621612903225807 0.7380952380952381 0.07740322580645144 0.17668750000000003
0 0.4452258064516129 0.8075476190476191 0.10285483870967743 0.2498035714285712
0 0.3071290322580645 0.8050714285714285 0.08827217741935492 0.22150297619047618
0 0.21069354838709678 0.7276904761904762 0.1275887096774194 0.13824404761904763
0 0.0702258064516129 0.7772857142857142 0.07941935483870967 0.24114583333333334
0 0.08300000000000002 0.5912619047619049 0.09783266129032259 0.10714285714285714
0 0.17003225806451613 0.5987142857142858 0.06317137096774196 0.11743452380952392
0 0.16464516129032258 0.5456428571428571 0.057729838709677406 0.071029761904762
0 0.33803225806451614 0.5882857142857143 0.07644556451612895 0.11374107142857132
0 0.31451612903225806 0.6567380952380952 0.06841532258064519 0.09305357142857165
0 0.4250645161290323 0.6840238095238096 0.09356451612903224 0.1697172619047619
0 0.49529032258064515 0.6661666666666667 0.06431451612903226 0.16383928571428572
0 0.7668064516129033 0.630452380952381 0.059205645161290475 0.14320238095238097
0 0.8380322580645162 0.6111190476190477 0.052788306451612886 0.11418750000000003
0 0.8135 0.5535714285714286 0.0406935483870968 0.0875
0 0.7469677419354839 0.5416666666666666 0.05446774193548384 0.0744047619047619
0 0.7039677419354838 0.5729047619047619 0.052653225806451764 0.11721428571428576
0 0.6031612903225806 0.5615000000000001 0.04571572580645161 0.10714285714285714
0 0.47245161290322585 0.5724285714285714 0.06122177419354854 0.1016845238095239
0 0.251 0.6016904761904763 0.06643145161290323 0.109375
0 0.09543548387096774 0.5352142857142856 0.047044354838709675 0.06860119047619048
0 0.15490322580645163 0.46576190476190477 0.0451290322580645 0.06383928571428571
0 0.5544354838709677 0.5659761904761905 0.052856854838709694 0.1047857142857144