0 0.43889843749999996 0.922125 0.0515625 0.09580902777777757
0 0.47711718750000004 0.8968194444444445 0.02734375 0.08611111111111111
0 0.78359375 0.9479166666666666 0.0359375 0.10416666666666667
0 0.8175234375 0.8948472222222221 0.05703125 0.09164236111111121
0 0.8127812499999999 0.8184583333333333 0.0443359375 0.05987152777777788
0 0.7385625 0.9126944444444445 0.04425195312500012 0.0792673611111111
0 0.7137265625 0.8194444444444444 0.0431640625 0.08615972222222233
0 0.7368828125 0.7113055555555555 0.033036132812500084 0.058085069444444394
0 0.8158515625 0.7648750000000001 0.05464550781249997 0.04618055555555556
0 0.9782343750000001 0.841763888888889 0.040625 0.1133177083333335
0 0.618859375 0.7524861111111111 0.03590917968750009 0.05689409722222207
0 0.44196093750000004 0.7247083333333333 0.024302734375000058 0.0763888888888889
0 0.305859375 0.9513888888888888 0.04765625 0.09722222222222222
0 0.3169609375 0.8472222222222222 0.029576171874999967 0.10257986111111121
0 0.234375 0.8849166666666667 0.034765625 0.0875
0 0.2823671875 0.8442500000000001 0.046316406249999977 0.052729166666666556
0 0.3214296875 0.7609166666666667 0.0318359375 0.051288194444444456
0 0.3236640625 0.7222222222222222 0.020451171875000007 0.04424652777777788
0 0.157921875 0.9469305555555555 0.038880859374999986 0.06813020833333339
0 0.119140625 0.9677638888888889 0.0375 0.059475694444444435
0 0.134484375 0.8888888888888888 0.0408203125 0.07480208333333344
0 0.0287421875 0.8298611111111112 0.04821484374999999 0.07405902777777776
0 0.1515078125 0.7817500000000001 0.03676074218750003 0.0735121527777775
0 0.1861015625 0.7748055555555555 0.032784179687499956 0.07497569444444423
0 0.20703125 0.7733194444444444 0.025279296875000034 0.0752725694444444
0 0.232140625 0.7619027777777778 0.02525097656249997 0.07904340277777762
0 0.25390625 0.7911666666666667 0.03309179687499997 0.051885416666666455
0 0.2553046875 0.7380972222222222 0.03420703124999998 0.06517708333333334
0 0.060265625 0.6994027777777778 0.0429130859375 0.059994791666666776
0 0.12471874999999999 0.6592222222222222 0.03853320312499999 0.04895833333333333