0 0.405 0.7885599999999999 0.11572000000000003 0.1485600000000001
0 0.32142000000000004 0.9066666666666666 0.14858000000000005 0.17903999999999998
0 0.485 0.9371466666666667 0.13286000000000006 0.12570666666666663
0 0.2475 0.84856 0.18358000000000005 0.13522666666666677
0 0.07928 0.8238133333333334 0.14714 0.1276266666666667
0 0.315 0.73096 0.07 0.11333333333333333
0 0.14642 0.7457066666666666 0.16713999999999998 0.10096000000000004
0 0.08072 0.6938133333333334 0.13286 0.0923733333333333
0 0.41322000000000003 0.67952 0.11358000000000004 0.07903999999999996
0 0.5475 0.79096 0.16213999999999992 0.1685600000000001
0 0.88858 0.8728533333333334 0.20857999999999993 0.15333333333333332
0 0.86142 0.7338133333333333 0.18572000000000002 0.10381333333333327
0 0.84714 0.6471466666666666 0.2 0.07143999999999998
0 0.53928 0.47096000000000005 0.09285999999999996 0.1
0 0.62036 0.5257066666666667 0.07357999999999992 0.11810666666666672
0 0.52608 0.5771466666666667 0.11072000000000003 0.11810666666666672
0 0.41 0.5428533333333333 0.09713999999999999 0.08
0 0.41108 0.6052266666666667 0.14214 0.08096000000000003
0 0.40678 0.4766666666666667 0.10213999999999998 0.07333333333333333
0 0.83428 0.5852266666666667 0.13142000000000006 0.1076266666666667
0 0.72892 0.5090399999999999 0.11642000000000008 0.16096000000000005
0 0.89178 0.5323733333333333 0.14357999999999993 0.1352266666666666
0 0.8275 0.41952 0.085 0.06570666666666664
0 0.7807200000000001 0.3476266666666667 0.07 0.06666666666666667
0 0.42536 0.4081066666666667 0.10927999999999997 0.07714666666666668