0 0.4143088235294118 0.8976256983240224 0.06030882352941175 0.10281424581005588
0 0.4677647058823529 0.9008379888268156 0.04152941176470573 0.09153282122905015
0 0.4742647058823529 0.9720670391061452 0.051470588235294115 0.055865921787709494
0 0.2881764705882353 0.9738826815642457 0.0735992647058823 0.047594273743016585
0 0.32183823529411765 0.9180167597765363 0.06319301470588234 0.08731843575418992
0 0.17647058823529413 0.914804469273743 0.0615955882352941 0.12623603351955306
0 0.2604705882352941 0.6967039106145251 0.04435845588235293 0.08680865921787706
0 0.3803676470588235 0.5828212290502793 0.042562499999999996 0.08173184357541913
0 0.3967794117647059 0.706927374301676 0.04741176470588237 0.05025139664804456
0 0.6286764705882353 0.6693296089385475 0.04307169117647049 0.07466829608938544
0 0.6536764705882353 0.946927374301676 0.0661764705882353 0.10614525139664804
0 0.8044117647058824 0.952513966480447 0.061764705882352944 0.09497206703910614
0 0.754235294117647 0.9389664804469273 0.043722426470588216 0.10541899441340785
0 0.8574705882352942 0.9389664804469273 0.043777573529411695 0.09419343575419009
0 0.6889117647058823 0.8798882681564246 0.04599816176470597 0.11758729050279344
0 0.5376176470588235 0.8960055865921788 0.042308823529411906 0.10592877094972071
0 0.5585441176470588 0.6875698324022347 0.035704044117647146 0.05025139664804456
0 0.5871029411764707 0.725195530726257 0.042533088235294135 0.04722067039106138
0 0.7446323529411765 0.7359217877094971 0.045702205882353006 0.07625000000000004
0 0.7893088235294118 0.7337709497206704 0.04267647058823527 0.06338687150837988
0 0.8331470588235294 0.7386033519553074 0.05390441176470584 0.06870111731843576
0 0.9123235294117646 0.7101396648044693 0.05390441176470584 0.07568435754189952