0 0.38646250000000004 0.8736166666666666 0.06034687500000004 0.0847208333333333
0 0.41945 0.9268500000000001 0.06909687500000004 0.10712916666666653
0 0.5809000000000001 0.7717666666666667 0.08378437500000004 0.06696666666666658
0 0.7180500000000001 0.7125 0.04579999999999984 0.05574166666666656
0 0.6458375 0.6801 0.037709375000000024 0.06379583333333338
0 0.6677124999999999 0.7046333333333333 0.03857499999999987 0.06620416666666662
0 0.9513875 0.7263833333333333 0.062084375000000025 0.07013750000000016
0 0.7170125 0.5148166666666666 0.03885468750000001 0.049560416666666544
0 0.6729125 0.6055499999999999 0.049045312500000195 0.06453749999999994
0 0.6354125 0.5078666666666667 0.03743124999999999 0.05185000000000002
0 0.597575 0.5263833333333333 0.03125 0.04976666666666669
0 0.39513750000000003 0.7861166666666667 0.08126718750000009 0.08470000000000008
0 0.16423749999999998 0.73195 0.04875 0.0696520833333335
0 0.2045125 0.7046333333333333 0.04746562499999996 0.07798541666666665
0 0.135075 0.6379666666666666 0.0571875 0.050416666666666665
0 0.228825 0.6426 0.047915624999999976 0.05212916666666672
0 0.2427125 0.5847166666666667 0.04751718750000002 0.04326458333333316
0 0.2184 0.5291666666666667 0.03125 0.0718520833333332