0 0.6308428571428571 0.8416210526315789 0.05129999999999996 0.11578947368421053
0 0.7337714285714285 0.878 0.10130000000000003 0.13109473684210524
0 0.8090857142857143 0.7885263157894737 0.08051428571428557 0.09568421052631589
0 0.8840857142857143 0.7502315789473685 0.07597142857142866 0.06507368421052624
0 0.8655857142857143 0.8784631578947368 0.10778571428571435 0.07654736842105266
0 0.40454285714285715 0.8473684210526315 0.0740285714285715 0.09856842105263168
0 0.31688571428571427 0.8904210526315789 0.07272857142857138 0.10048421052631583
0 0.2103857142857143 0.8842105263157894 0.06752857142857142 0.1492842105263157
0 0.10032857142857143 0.9057473684210526 0.09415714285714286 0.15406315789473699
0 0.11364285714285714 0.7210526315789474 0.05844285714285714 0.09856842105263168
0 0.06038571428571429 0.7574105263157894 0.06364285714285714 0.07176842105263165
0 0.11492857142857144 0.7918736842105263 0.08181428571428573 0.05071578947368428
0 0.23864285714285716 0.7923368421052632 0.046099999999999974 0.10717894736842098
0 0.4577857142857143 0.6956842105263158 0.037657142857142875 0.08995789473684214
0 0.7849428571428572 0.6684421052631578 0.05397142857142853 0.08538947368421042
0 0.3656857142857143 0.6690315789473684 0.0583285714285714 0.09122105263157904
0 0.20972857142857143 0.7041052631578947 0.06388571428571431 0.0795368421052631
0 0.2865142857142857 0.7140421052631579 0.04602857142857147 0.05964210526315798
0 0.4972285714285714 0.5865684210526316 0.03412857142857141 0.09006315789473679