0 0.150146484375 0.7655143229166667 0.08870605468749998 0.15950520833333334
0 0.23030761718750004 0.9286002604166667 0.14160156250000003 0.14279296874999994
0 0.2628564453125 0.6526692708333334 0.1123046875 0.12478515625000004
0 0.3084326171875 0.7514127604166667 0.09603027343750004 0.13780598958333337
0 0.3658056640625 0.6825065104166667 0.10335449218750004 0.13237630208333329
0 0.4036474609375 0.8154296875 0.09765625 0.14865234374999994
0 0.4707861328124999 0.7541210937499999 0.06917480468749998 0.15408203125000006
0 0.440673828125 0.9098307291666666 0.13265136718750004 0.17252604166666666
0 0.4524755859375 0.5598958333333334 0.07486816406249996 0.09114583333333333
0 0.5086279296875 0.58322265625 0.07975097656249996 0.14214192708333329
0 0.582275390625 0.5951627604166666 0.08870605468750004 0.13563151041666663
0 0.5729150390625 0.712890625 0.10416503906249996 0.13237630208333329
0 0.5733251953125 0.8246549479166667 0.11800292968750004 0.10850911458333339
0 0.6380224609375 0.7373046875 0.10091308593750004 0.09005859374999996
0 0.7316064453125 0.5164908854166667 0.10579589843750004 0.14322916666666666
0 0.648193359375 0.478515625 0.08219238281249996 0.11501953125000004
0 0.7942724609375 0.37055338541666666 0.05859375 0.10307942708333333
0 0.6905126953125 0.3352864583333333 0.08707519531249996 0.07161458333333333
0 0.6856298828125 0.4134114583333333 0.04638671875 0.10199869791666671
0 0.732421875 0.40473307291666666 0.045571289062499964 0.09331380208333329
0 0.5244970703125 0.4931640625 0.05126953125 0.09656901041666661
0 0.474853515625 0.46875 0.07405761718750004 0.08897786458333339
0 0.5517578125 0.40255859375 0.087890625 0.07595703125000004
0 0.54931640625 0.33257161458333334 0.050454101562499964 0.05750651041666669
0 0.8369970703125 0.4313151041666667 0.07080078125 0.08138020833333333