0 0.21455223880597016 0.8810763888888888 0.26119402985074625 0.13020833333333334
0 0.17549440298507463 0.7782152777777779 0.2040578358208955 0.13975694444444445
0 0.5538712686567164 0.8980069444444445 0.1935634328358209 0.20225694444444445
0 0.6768936567164179 0.8472222222222222 0.16907649253731344 0.2152777777777778
0 0.714785447761194 0.6636319444444445 0.22621268656716417 0.13281250000000008
0 0.8051585820895523 0.5855069444444444 0.12476679104477612 0.10503472222222222
0 0.49090485074626866 0.5911458333333334 0.14225746268656717 0.0920138888888889
0 0.2810167910447761 0.6171875 0.16557835820895522 0.07465277777777778
0 0.16791044776119404 0.5442708333333334 0.12126865671641791 0.08854166666666667
0 0.3340764925373134 0.5308194444444444 0.16907649253731344 0.0859375
0 0.3667257462686567 0.48047222222222224 0.09211753731343283 0.06510416666666667
0 0.5748600746268657 0.5525208333333333 0.1609141791044776 0.07378472222222222
0 0.6932182835820896 0.5208333333333334 0.150419776119403 0.0798611111111111
0 0.1201026119402985 0.46831944444444445 0.13759328358208955 0.0685763888888889
0 0.26119402985074625 0.38585416666666666 0.12126865671641791 0.059895833333333336
0 0.059468283582089554 0.4401041666666667 0.11893656716417911 0.06076388888888889
0 0.43260261194029853 0.4149305555555556 0.10494402985074627 0.06597222222222222
0 0.47574626865671643 0.47265972222222224 0.09328358208955224 0.0720486111111111
0 0.8287779850746269 0.5067777777777778 0.12069029850746278 0.08282638888888888
0 0.738740671641791 0.4916875 0.12540111940298512 0.05124305555555553
0 0.799785447761194 0.4393958333333333 0.09852611940298518 0.08002083333333335
0 0.8853544776119403 0.4474722222222222 0.09994402985074637 0.06527777777777778
0 0.7278917910447761 0.3951736111111111 0.09994402985074637 0.05053472222222221
0 0.6006063432835821 0.3995625 0.08486007462686569 0.03544444444444442
0 0.6065018656716418 0.4344861111111111 0.11456156716417905 0.05755555555555547
0 0.5746735074626865 0.4581736111111111 0.0952332089552238 0.09019444444444452
0 0.9207089552238806 0.37797916666666664 0.12540111940298504 0.06948611111111107
0 0.7590111940298507 0.3416527777777778 0.08674440298507463 0.047381944444444456
0 0.5456809701492538 0.321125 0.09381529850746263 0.04843055555555556
0 0.06388059701492538 0.3065625 0.07212686567164178 0.045972222222222255
0 0.16005597014925374 0.29620833333333335 0.07684701492537313 0.04070833333333334
0 0.17773320895522388 0.32709027777777777 0.07637126865671642 0.058958333333333356
0 0.5551119402985075 0.2507569444444444 0.06458955223880598 0.04808333333333334
0 0.33024253731343284 0.3141041666666667 0.07590485074626867 0.03439583333333331
0 0.27932835820895524 0.3281458333333333 0.07590485074626867 0.05124305555555553