0 0.3090415335463259 0.837937649880096 0.07134784345047922 0.1510551558752995
0 0.38798722044728434 0.7623021582733813 0.06099440894568691 0.11510791366906475
0 0.3726357827476038 0.8347242206235012 0.07228434504792332 0.052389088729016646
0 0.14007987220447285 0.911726618705036 0.10234424920127795 0.10005095923261377
0 0.14992012779552716 0.6092086330935251 0.047861421725239627 0.05812949640287758
0 0.11212460063897763 0.7913669064748201 0.0510423322683706 0.0718495203836932
0 0.12718849840255592 0.9131175059952038 0.07664536741214059 0.06663669064748207
0 0.35666134185303516 0.9366426858513189 0.0642052715654953 0.12172661870503622
0 0.37201277955271567 0.8300959232613908 0.06534345047923318 0.05275779376498801
0 0.37416932907348244 0.8909832134292567 0.06730830670926526 0.07540167865707433
0 0.25878594249201275 0.9652278177458034 0.07348242811501597 0.06954436450839328
0 0.45803514376996807 0.7738369304556355 0.0395047923322684 0.07221822541966429
0 0.4844568690095846 0.9232613908872902 0.047585862619808204 0.0710191846522782
0 0.5077955271565495 0.8411750599520383 0.038706070287539966 0.07447841726618706
0 0.4998083067092652 0.8808393285371703 0.04483626198083066 0.059445443645084056
0 0.48322683706070285 0.7254196642685852 0.029984025559105402 0.07443045563549167
0 0.5511182108626198 0.7687769784172661 0.025619009584664572 0.05497002398081538