0 0.09114583333333333 0.8416043613707165 0.036458333333333336 0.05549844236760142
0 0.19076041666666665 0.9584267912772585 0.053385416666666664 0.06328660436137089
0 0.2581354166666667 0.969626168224299 0.02539583333333333 0.05841121495327103
0 0.3359375 0.9131619937694704 0.049479166666666664 0.03894080996884735
0 0.32421875 0.7345171339563863 0.015625 0.06328660436137071
0 0.12077083333333333 0.6692990654205607 0.02148958333333333 0.026292834890965726
0 0.28417708333333336 0.9672897196261683 0.01758333333333333 0.06542056074766354
0 0.07338541666666668 0.794423676012461 0.027812499999999997 0.04331775700934571
0 0.6494583333333334 0.854766355140187 0.025104166666666573 0.06236760124610586
0 0.6137291666666667 0.7949999999999999 0.03476041666666655 0.03753894080996879
0 0.6481041666666666 0.9746105919003116 0.03398958333333345 0.03638629283489081
0 0.67359375 0.9656697819314642 0.032447916666666764 0.04158878504672904
0 0.5227708333333333 0.7805607476635514 0.025104166666666632 0.029454828660436087
0 0.5615833333333333 0.7964330218068536 0.029354166666666733 0.05428348909657325
0 0.4891666666666667 0.5960280373831776 0.01275000000000001 0.023099688473520313
0 0.5527083333333334 0.6529127725856698 0.023947916666666676 0.019065420560747677
0 0.556375 0.6783333333333333 0.0281979166666666 0.03638629283489099
0 0.39318749999999997 0.8345638629283488 0.03708333333333336 0.02887850467289714
0 0.6249270833333332 0.6563862928348909 0.020083333333333304 0.03753894080996888
0 0.7633958333333334 0.658411214953271 0.02279166666666678 0.04158878504672904
0 0.6353541666666668 0.6289563862928349 0.013135416666666563 0.019641744548286627
0 0.5579166666666667 0.5714797507788162 0.01583333333333338 0.031760124610591876
0 0.8136041666666666 0.5353894080996885 0.020468750000000095 0.02887850467289714
0 0.87328125 0.6286604361370717 0.02548958333333336 0.032912772585669776
0 0.9053333333333333 0.6679283489096574 0.02471875000000002 0.032912772585669776
0 0.72825 0.7476323987538941 0.020468750000000095 0.030607476635513983
0 0.77228125 0.7441744548286604 0.01583333333333338 0.03984423676012468
0 0.7805833333333333 0.7158722741433021 0.02085416666666665 0.031760124610591876
0 0.8004791666666667 0.7300155763239876 0.02279166666666678 0.03465732087227414
0 0.4648333333333333 0.9081931464174454 0.028968749999999942 0.0652647975077883
0 0.3080208333333333 0.9526635514018692 0.025875000000000033 0.06411214953271041
0 0.32425 0.9376479750778817 0.039010416666666714 0.04101246105918992
0 0.4296875 0.6514797507788161 0.029739583333333285 0.02079439252336452
0 0.39879166666666666 0.6404984423676012 0.02279166666666666 0.03350467289719625
0 0.4563333333333333 0.612196261682243 0.013520833333333352 0.02079439252336452
0 0.48801041666666667 0.5599376947040499 0.018927083333333292 0.027149532710280297
0 0.4507395833333333 0.5668691588785046 0.010041666666666652 0.022523364485981363
0 0.31265624999999997 0.5945794392523365 0.018156249999999947 0.027149532710280297
0 0.3395 0.588239875389408 0.017770833333333277 0.03753894080996888
0 0.3495416666666667 0.5766822429906542 0.02085416666666665 0.022523364485981363
0 0.8947187499999999 0.9454517133956386 0.03591666666666669 0.05660436137071638
0 0.9567083333333334 0.9665264797507788 0.037854166666666585 0.052554517133956404
0 0.9400937500000001 0.9463084112149532 0.032447916666666764 0.04909657320872271
0 0.8645937499999999 0.9743302180685358 0.026645833333333258 0.04967289719626184
0 0.92715625 0.8411993769470404 0.03283333333333331 0.05602803738317761
0 0.9783333333333334 0.6898753894080997 0.03166666666666676 0.03523364485981309
0 0.8611145833333332 0.7178971962616822 0.03128124999999997 0.04504672897196255
0 0.8363958333333333 0.687570093457944 0.018156250000000065 0.030607476635513983
0 0.7062291666666667 0.645404984423676 0.01892708333333341 0.024828660436137157
0 0.7317291666666667 0.6610124610591901 0.020468750000000095 0.02367601246105926
0 0.7245833333333334 0.6740031152647975 0.020083333333333304 0.02425233644859821