0 0.6088203125 0.8303611111111111 0.06727148437500005 0.10247916666666677
0 0.738 0.9449444444444445 0.06880566406250015 0.10835763888888911
0 0.7971562499999999 0.9335277777777777 0.0724042968750001 0.07361111111111111
0 0.775109375 0.8427638888888889 0.06704785156250015 0.12777777777777777
0 0.7818046875 0.7906805555555555 0.06859667968750002 0.1152274305555554
0 0.8582578125 0.8065416666666667 0.06330859375000024 0.10004861111111123
0 0.8708125000000001 0.7316527777777777 0.060169921875000296 0.08085243055555548
0 0.97265625 0.5997083333333334 0.03286816406249997 0.06140798611111112
0 0.6517890625 0.6979166666666666 0.05785449218750003 0.06463368055555563
0 0.5912421875 0.7247083333333333 0.06089550781249997 0.08851736111111114
0 0.5929140625 0.6631944444444444 0.05650195312499999 0.06210416666666671
0 0.62890625 0.6284722222222222 0.03470996093750003 0.06304513888888878
0 0.751953125 0.5739027777777778 0.042716796875000004 0.059673611111111156
0 0.876953125 0.5927638888888889 0.05407421875000011 0.05570486111111105
0 0.90625 0.5674583333333333 0.03755566406249997 0.05969791666666661
0 0.40875781250000004 0.7876944444444445 0.053878906249999935 0.06929513888888911
0 0.2784609375 0.9295694444444444 0.0772177734375 0.10106597222222212
0 0.0270625 0.8849166666666667 0.048423828125 0.12251909722222239
0 0.087609375 0.7425555555555555 0.05489648437500001 0.09816493055555561
0 0.20703125 0.6537638888888888 0.045089843750000025 0.09454513888888888
0 0.1596015625 0.6800555555555555 0.04612207031250004 0.08497048611111116
0 0.1356015625 0.7098194444444446 0.0432333984375 0.11098784722222213
0 0.205359375 0.7956388888888889 0.05775683593750003 0.08611111111111111
0 0.16461718749999998 0.8566527777777777 0.07653515625 0.09727083333333345
0 0.2533515625 0.875 0.061941406249999977 0.06627083333333322
0 0.1928046875 0.9409722222222222 0.06174707031250004 0.09295659722222227
0 0.127734375 0.9631944444444445 0.07109375 0.07361111111111111
0 0.42857031250000005 0.6924583333333333 0.03795996093750009 0.06490624999999994
0 0.666296875 0.6051527777777778 0.042244140624999996 0.051437499999999955
0 0.58203125 0.5942500000000001 0.04073632812499994 0.07767881944444449
0 0.5033515625 0.6284722222222222 0.04054101562499994 0.05709374999999994
0 0.537109375 0.6374027777777778 0.03805859374999994 0.04692361111111107
0 0.470421875 0.6026805555555556 0.04871679687499988 0.06115972222222218
0 0.623046875 0.5798611111111112 0.04009570312499999 0.051090277777777734
0 0.59403125 0.4796666666666667 0.03072070312499999 0.05461458333333332