0 0.40625 0.9335277777777777 0.07738541666666662 0.1329305555555556
0 0.4739583333333333 0.9052638888888889 0.06101041666666672 0.13591666666666652
0 0.9590729166666667 0.8095277777777778 0.08184374999999994 0.10318055555555551
0 0.9672604166666667 0.9360138888888888 0.06547916666666656 0.12797222222222235
0 0.7905520833333333 0.7991111111111111 0.11384374999999997 0.07837500000000008
0 0.7392083333333334 0.8323472222222221 0.13615625000000003 0.08929166666666662
0 0.6796875 0.9430555555555555 0.14895833333333333 0.11388888888888889
0 0.5996979166666667 0.7534722222222222 0.06547916666666656 0.12995833333333323
0 0.3835520833333333 0.7157777777777778 0.09746875000000005 0.08630555555555562
0 0.40959375 0.8040694444444444 0.09003124999999995 0.09424999999999986
0 0.280875 0.8482083333333333 0.07365625 0.1329305555555556
0 0.05059375 0.9335277777777777 0.1011875 0.10119444444444431
0 0.9423333333333334 0.6468194444444444 0.09003125000000006 0.08333333333333333
0 0.90625 0.6999027777777778 0.08631249999999989 0.0982083333333333
0 0.8188229166666667 0.6557499999999999 0.08110416666666656 0.08531944444444438
0 0.7518645833333333 0.6522777777777777 0.057291666666666664 0.08234722222222217
0 0.7987395833333333 0.6051527777777778 0.06770833333333333 0.03968055555555562
0 0.8846770833333333 0.5644861111111111 0.07886458333333338 0.06151388888888884
0 0.8024583333333334 0.5550555555555555 0.07514583333333344 0.0625
0 0.6923333333333334 0.6056527777777778 0.0840729166666667 0.04861111111111111
0 0.6569895833333333 0.5763888888888888 0.052083333333333336 0.04959722222222227
0 0.5040937500000001 0.6775833333333333 0.0677083333333334 0.07737500000000005
0 0.4735833333333333 0.7237083333333334 0.11830208333333327 0.08431944444444449
0 0.19457291666666665 0.8620972222222223 0.11681249999999999 0.10119444444444431
0 0.13355208333333335 0.6954305555555556 0.11086458333333334 0.06151388888888892
0 0.20052083333333334 0.6696388888888889 0.07068750000000001 0.057541666666666595
0 0.171875 0.5882916666666667 0.09077083333333331 0.05356944444444452
0 0.15215625 0.5436527777777778 0.08854166666666667 0.07540277777777772
0 0.2566979166666667 0.5307499999999999 0.055062500000000014 0.041666666666666664
0 0.3757395833333333 0.5510972222222222 0.06398958333333328 0.06647222222222224
0 0.6063958333333334 0.5337361111111112 0.06696874999999997 0.05555555555555555
0 0.5591562499999999 0.5535694444444444 0.06770833333333333 0.0595277777777778
0 0.52678125 0.5997083333333334 0.05952083333333332 0.05456944444444439