0 0.38646250000000004 0.8736166666666666 0.057637500000000015 0.08054999999999997
0 0.41945 0.9268500000000001 0.06388750000000001 0.10184999999999983
0 0.5809000000000001 0.7717666666666667 0.08402500000000003 0.06573333333333324
0 0.7180500000000001 0.7125 0.044449999999999934 0.05463333333333329
0 0.6458375 0.6801 0.03333750000000002 0.06018333333333336
0 0.6677124999999999 0.7046333333333333 0.03680000000000007 0.06481666666666665
0 0.9513875 0.7263833333333333 0.05833750000000009 0.0638833333333334
0 0.7170125 0.5148166666666666 0.03958750000000009 0.04814999999999998
0 0.6729125 0.6055499999999999 0.04861250000000013 0.06296666666666662
0 0.6354125 0.5078666666666667 0.034725000000000034 0.04906666666666676
0 0.597575 0.5263833333333333 0.03125 0.04906666666666676
0 0.39513750000000003 0.7861166666666667 0.07638750000000001 0.07593333333333344
0 0.16423749999999998 0.73195 0.04375 0.0638833333333334
0 0.2045125 0.7046333333333333 0.04097499999999996 0.07221666666666673
0 0.135075 0.6379666666666666 0.05625 0.05
0 0.228825 0.6426 0.04791249999999998 0.05185000000000002
0 0.2427125 0.5847166666666667 0.04513750000000002 0.036116666666666596
0 0.2184 0.5291666666666667 0.03125 0.07314999999999998