0 0.217578125 0.9401041666666666 0.20859375 0.11979166666666667
0 0.189453125 0.8489583333333334 0.15234375 0.16875
0 0.32421875 0.7125 0.1109375 0.075
0 0.8438984375 0.8383125 0.1357578125 0.1748645833333332
0 0.9019296875 0.586625 0.075 0.08715625000000007
0 0.958203125 0.5270833333333333 0.08359375 0.07291666666666667
0 0.0999375 0.8363541666666666 0.14371875 0.17542708333333343
0 0.044414062500000004 0.8246249999999999 0.08882812500000001 0.14079166666666676
0 0.17263281249999998 0.6614895833333333 0.08045312499999999 0.10727083333333336
0 0.08527343750000001 0.71903125 0.1319921875 0.06592708333333329
0 0.144140625 0.6045 0.0653671875 0.0893854166666666
0 0.07940625000000001 0.6058958333333333 0.06410937500000001 0.06089583333333337
0 0.358890625 0.62825 0.08841406250000002 0.06089583333333337
0 0.3653828125 0.572375 0.08547656249999998 0.05419791666666664
0 0.52209375 0.5648333333333333 0.06033593750000001 0.06368750000000005
0 0.42885937500000004 0.6843958333333333 0.10685156249999998 0.06815625000000007