0 0.2796875 0.709375 0.115625 0.2604166666666667
0 0.0652375 0.8171916666666668 0.12578125 0.2468750000000001
0 0.41171875 0.890625 0.1703125 0.10625
0 0.6488312500000001 0.7364583333333333 0.18203125 0.11041666666666666
0 0.65976875 0.8458333333333333 0.12421875 0.2625
0 0.82890625 0.8901083333333334 0.1734375 0.20520833333333333
0 0.9359375 0.7927083333333333 0.11875 0.2520833333333333
0 0.8402375000000001 0.6958333333333333 0.09609375 0.15
0 0.75859375 0.6364583333333333 0.0890625 0.12708333333333333
0 0.83359375 0.5145833333333333 0.1046875 0.0875
0 0.8972687500000001 0.49323333333333336 0.12421875 0.07395833333333333
0 0.18828125 0.8640666666666668 0.0859375 0.140625
0 0.27890625 0.49948333333333333 0.0890625 0.11979166666666667
0 0.93359375 0.18333333333333332 0.0765625 0.075
0 0.9121125000000001 0.12760833333333332 0.07109375 0.046875