0 0.22135253906249996 0.869140625 0.14648437499999997 0.13671875
0 0.3206396484375 0.8208528645833333 0.07161621093750004 0.11393229166666667
0 0.6990576171875 0.7693164062500001 0.10579589843750004 0.11935546874999996
0 0.914306640625 0.7666015625 0.09195800781249996 0.09656901041666661
0 0.7645654296875 0.888671875 0.11474609375 0.09331380208333329
0 0.5830908203125 0.9049479166666666 0.09033203125 0.09982421874999996
0 0.878720703125 0.6220703125 0.09121093750000009 0.06767578125000002
0 0.869560546875 0.5602473958333333 0.0690771484374999 0.05800781249999994
0 0.9203173828125 0.5421809895833333 0.07441894531249993 0.07276692708333332
0 0.7852197265625 0.5322591145833333 0.07747070312499993 0.04477864583333332
0 0.829296875 0.49816406249999995 0.06487792968749995 0.04172526041666661
0 0.827392578125 0.44702473958333333 0.0389257812499999 0.05343098958333329
0 0.6106201171875 0.70017578125 0.09312011718750002 0.05902343749999991
0 0.5241796875 0.7808333333333333 0.07518066406249996 0.07582031250000003
0 0.1984521484375 0.6838932291666667 0.08243164062500002 0.04681640624999998
0 0.45625 0.6340299479166667 0.05380859375000002 0.0732747395833333
0 0.5144482421875 0.5505729166666666 0.06716796874999997 0.05292317708333331
0 0.51673828125 0.5981510416666667 0.08395996093749997 0.034095052083333265
0 0.5142578125 0.633515625 0.06602539062499996 0.05393880208333327
0 0.646494140625 0.64064453125 0.07785644531249991 0.05190104166666668
0 0.60794921875 0.6574348958333334 0.08014160156250005 0.04477864583333332
0 0.5264697265625 0.7197721354166666 0.08739746093749995 0.05546223958333337
0 0.4419384765625 0.8874348958333332 0.09770019531249996 0.07123697916666671
0 0.4554833984375 0.8312044270833333 0.1179248046875 0.044270833333333336
0 0.51578125 0.8762434895833334 0.055336914062499964 0.10787760416666654