0 0.1898548387096774 0.8427619047619047 0.096875 0.2527261904761907
0 0.6811129032258065 0.7519761904761905 0.07772177419354839 0.20277976190476169
0 0.5621612903225807 0.7380952380952381 0.06972580645161275 0.1712321428571429
0 0.4452258064516129 0.8075476190476191 0.10283870967741934 0.24990178571428545
0 0.3071290322580645 0.8050714285714285 0.09025403225806458 0.22336309523809525
0 0.21069354838709678 0.7276904761904762 0.129116935483871 0.14055059523809524
0 0.0702258064516129 0.7772857142857142 0.07861290322580644 0.24055059523809524
0 0.08300000000000002 0.5912619047619049 0.09783266129032259 0.10952380952380952
0 0.17003225806451613 0.5987142857142858 0.07002620967741939 0.12576785714285726
0 0.16464516129032258 0.5456428571428571 0.054907258064516115 0.06686309523809533
0 0.33803225806451614 0.5882857142857143 0.07910080645161284 0.11676785714285705
0 0.31451612903225806 0.6567380952380952 0.07170766129032259 0.09950297619047624
0 0.4250645161290323 0.6840238095238096 0.09195161290322579 0.16912202380952382
0 0.49529032258064515 0.6661666666666667 0.06421370967741935 0.16257440476190477
0 0.7668064516129033 0.630452380952381 0.05702217741935501 0.14273214285714284
0 0.8380322580645162 0.6111190476190477 0.05803024193548385 0.11894940476190478
0 0.8135 0.5535714285714286 0.04312903225806453 0.0880952380952381
0 0.7469677419354839 0.5416666666666666 0.05525806451612902 0.07797619047619048
0 0.7039677419354838 0.5729047619047619 0.05345967741935499 0.11900000000000005
0 0.6031612903225806 0.5615000000000001 0.047731854838709675 0.10892857142857143
0 0.47245161290322585 0.5724285714285714 0.06085282258064533 0.09994940476190488
0 0.251 0.6016904761904763 0.06441532258064517 0.10520833333333333
0 0.09543548387096774 0.5352142857142856 0.045094758064516134 0.06436011904761904
0 0.15490322580645163 0.46576190476190477 0.045532258064516114 0.0644345238095238
0 0.5544354838709677 0.5659761904761905 0.0468084677419355 0.10002380952380964