0 0.43889843749999996 0.922125 0.05078125 0.09424999999999986
0 0.47711718750000004 0.8968194444444445 0.0234375 0.08333333333333333
0 0.7843203125 0.9494027777777778 0.03069531249999997 0.10119444444444431
0 0.8175234375 0.8948472222222221 0.0546875 0.08730555555555541
0 0.8127812499999999 0.8184583333333333 0.04296875 0.057541666666666755
0 0.7385625 0.9126944444444445 0.04185156249999995 0.07540277777777772
0 0.7137265625 0.8194444444444444 0.0390625 0.07936111111111124
0 0.7368828125 0.7113055555555555 0.03069531249999997 0.05356944444444443
0 0.8158515625 0.7648750000000001 0.053570312500000036 0.041666666666666664
0 0.9782343750000001 0.841763888888889 0.0390625 0.11209722222222228
0 0.618859375 0.7524861111111111 0.035710937500000026 0.05654166666666672
0 0.44196093750000004 0.7247083333333333 0.02455468750000005 0.0763888888888889
0 0.3060859375 0.9518888888888889 0.04296875 0.09027777777777778
0 0.3169609375 0.8472222222222222 0.02455468749999996 0.09920833333333343
0 0.234375 0.8849166666666667 0.03125 0.08333333333333333
0 0.2823671875 0.8442500000000001 0.04464062499999999 0.04563888888888875
0 0.3214296875 0.7609166666666667 0.03125 0.04959722222222227
0 0.3236640625 0.7222222222222222 0.02008593750000003 0.04365277777777779
0 0.157921875 0.9469305555555555 0.03682812499999999 0.0644861111111112
0 0.119140625 0.9677638888888889 0.03515625 0.05456944444444439
0 0.134484375 0.8888888888888888 0.0390625 0.07143055555555565
0 0.0287421875 0.8298611111111112 0.045203125 0.06845833333333329
0 0.1515078125 0.7817500000000001 0.036273437500000005 0.07143055555555565
0 0.1861015625 0.7748055555555555 0.031804687499999984 0.07341666666666653
0 0.20703125 0.7733194444444444 0.02567187500000001 0.07440277777777769
0 0.232140625 0.7619027777777778 0.02232031250000004 0.07540277777777772
0 0.25390625 0.7911666666666667 0.032367187499999964 0.05059722222222231
0 0.2553046875 0.7380972222222222 0.03292187499999999 0.06348611111111116
0 0.060265625 0.6994027777777778 0.040179687500000005 0.05356944444444452
0 0.12471874999999999 0.6592222222222222 0.038507812500000016 0.04861111111111111