0 0.73536 0.5323866666666667 0.065 0.06285333333333332
0 0.81679 0.51476 0.065 0.1
0 0.69857 0.48428 0.0428599999999999 0.04857333333333327
0 0.5875 0.5014266666666667 0.0578599999999999 0.05428000000000005
0 0.5067900000000001 0.4676133333333333 0.05929000000000002 0.06285333333333332
0 0.34036 0.42951999999999996 0.03357000000000005 0.07428000000000005
0 0.2425 0.48142666666666667 0.04071000000000001 0.07142666666666674
0 0.16429 0.5414266666666666 0.04570999999999998 0.05428000000000005
0 0.16786 0.44952 0.03856999999999999 0.06857333333333326
0 0.40893 0.38094666666666666 0.039289999999999964 0.0380933333333334
0 0.6028600000000001 0.46572 0.034289999999999966 0.06285333333333332
0 0.6425 0.46142666666666665 0.04071000000000004 0.05428000000000005
0 0.61893 0.38905333333333336 0.05643000000000006 0.05428000000000005
0 0.2725 0.32666666666666666 0.03786000000000001 0.03618666666666665
0 0.24536000000000002 0.36 0.04357000000000002 0.04190666666666664
0 0.20286 0.4009466666666666 0.037139999999999986 0.05142666666666673