0 0.5303125 0.8690372940156115 0.204375 0.1595836947094536
0 0.953125 0.8820468343451865 0.09375 0.1821335646140503
0 0.954375 0.715091066782307 0.09125 0.1396357328707719
0 0.9628125 0.5151777970511708 0.060625 0.10060711188204684
0 0.8065625 0.8503902862098872 0.124375 0.25065047701647875
0 0.6834375 0.9054640069384216 0.136875 0.18039895923677363
0 0.85125 0.6522116218560278 0.2175 0.1491760624457936
0 0.6284375 0.7732003469210754 0.196875 0.08933217692974849
0 0.6925 0.7016478751084129 0.18 0.11621856027753687
0 0.84125 0.48872506504770163 0.11 0.07892454466608846
0 0.764375 0.5585429314830876 0.14125 0.0797918473547268
0 0.065 0.914570685169124 0.13 0.15004336513443192
0 0.339375 0.7844752818733738 0.21625 0.1049436253252385
0 0.2884375 0.867736339982654 0.235625 0.11361665221162186
0 0.138125 0.7974848222029488 0.13375 0.17606244579358196
0 0.3215625 0.689071986123157 0.129375 0.10841283607979185
0 0.1984375 0.7133564614050304 0.116875 0.12922810060711187
0 0.2646875 0.6157849089332177 0.171875 0.062445793581960105
0 0.431875 0.5381613183000867 0.10625 0.11882046834345186
0 0.549375 0.6556808326105811 0.08875 0.055507372072853424
0 0.67 0.603642671292281 0.0875 0.0971379011274935
0 0.4490625 0.6422376409366869 0.151875 0.12575888985255854
0 0.5625 0.5867302688638335 0.13 0.07718993928881179