0 0.39703906250000004 0.8110138888888888 0.0939453125 0.1360104166666667
0 0.52371875 0.8660694444444446 0.08189257812499999 0.24439583333333323
0 0.685265625 0.8938472222222222 0.07971582031249991 0.1999253472222225
0 0.8621640625 0.8953333333333333 0.1046738281249997 0.2000989583333336
0 0.1548515625 0.797125 0.13747167968749996 0.12457812500000026
0 0.2901796875 0.7857083333333333 0.09174023437500001 0.11408680555555545
0 0.43359375 0.6944444444444444 0.06710351562499994 0.11091319444444454
0 0.5694765625 0.6582361111111111 0.0701171875 0.09965277777777778
0 0.665734375 0.6165694444444445 0.079630859375 0.10689583333333338
0 0.7173515625 0.7137916666666666 0.10015332031249997 0.19987673611111104
0 0.8387265625 0.7162638888888889 0.09930273437499997 0.18630902777777766
0 0.6303046875 0.5510972222222222 0.06258398437500005 0.08045486111111112
0 0.53878125 0.5406805555555556 0.051505859375000004 0.09181597222222217
0 0.6244453125 0.47866666666666663 0.04600976562499994 0.07673611111111112
0 0.5825859375 0.4702361111111111 0.03747167968749991 0.04074826388888889