0 0.3921875 0.6552083333333333 0.08328125 0.12911458333333334
0 0.494925 0.6838583333333333 0.11392578125 0.09231770833333333
0 0.5964875000000001 0.709375 0.1319140625 0.08927083333333333
0 0.646875 0.9197916666666667 0.16609375 0.15072916666666666
0 0.77578125 0.9020833333333333 0.172421875 0.14770833333333333
0 0.515625 0.9125 0.142265625 0.16802083333333334
0 0.325 0.9010416666666666 0.141015625 0.13171875
0 0.16055 0.88125 0.1164453125 0.15770833333333334
0 0.075 0.8390666666666667 0.11484375 0.126953125
0 0.0433625 0.5947916666666667 0.04548828125 0.08661458333333333
0 0.10195625 0.7114583333333333 0.0918359375 0.08510416666666666
0 0.15351875 0.7572916666666667 0.1312109375 0.08822916666666666
0 0.321875 0.7041666666666667 0.1165625 0.09177083333333333
0 0.4375 0.8182333333333335 0.11859375 0.11328125
0 0.3418 0.7979166666666667 0.08369140625 0.11416666666666667
0 0.7480500000000001 0.7166666666666667 0.1469140625 0.10645833333333334
0 0.77109375 0.8104166666666667 0.1526171875 0.09083333333333334
0 0.8816437500000001 0.6427083333333333 0.1180859375 0.1015625
0 0.757425 0.625 0.1338671875 0.08833333333333333
0 0.52265625 0.5932333333333333 0.1380078125 0.106953125
0 0.93125 0.5421916666666666 0.107734375 0.07671875
0 0.87109375 0.515625 0.058671875 0.07427083333333333
0 0.7527375000000001 0.475 0.0755859375 0.07645833333333334
0 0.6230500000000001 0.42031666666666667 0.0568359375 0.11265625
0 0.20546875 0.6989583333333333 0.0913671875 0.09244791666666667
0 0.06875 0.5072916666666667 0.056484375 0.08921875
0 0.17578125 0.46615 0.0781640625 0.08580729166666666
0 0.640625 0.5145833333333333 0.06390625 0.07833333333333334
0 0.5714875 0.5171916666666667 0.05501953125 0.06940104166666666
0 0.52070625 0.5364583333333334 0.0643359375 0.058229166666666665