0 0.24852 0.9326868327402135 0.06503666666666671 0.10008896797153025
0 0.08704 0.7339857651245552 0.08959333333333333 0.13310498220640582
0 0.03 0.858540925266904 0.06 0.16903914590747332
0 0.19222666666666666 0.7670996441281139 0.07733333333333334 0.09657918149466198
0 0.2707466666666667 0.7705693950177936 0.07968500000000002 0.09957072953736636
0 0.2803733333333333 0.6148754448398577 0.06125999999999999 0.07330071174377233
0 0.4062933333333334 0.8966014234875445 0.09761166666666668 0.0906983985765125
0 0.51592 0.9445373665480428 0.1009633333333333 0.09910142348754447
0 0.84296 0.8293772241992883 0.08033333333333334 0.10626779359430599
0 0.61556 0.7280604982206406 0.0650933333333334 0.08358096085409247
0 0.6533333333333333 0.8140569395017794 0.08540666666666676 0.11556049822064046
0 0.40741333333333335 0.7843950177935943 0.08179666666666663 0.11736432384341619
0 0.43518666666666667 0.6825800711743772 0.12122166666666666 0.09124110320284703
0 0.40814666666666666 0.6361209964412812 0.10181333333333335 0.08348309608540928
0 0.37481333333333333 0.5758185053380783 0.084 0.09084519572953748
0 0.51148 0.6301957295373666 0.08525999999999992 0.10829181494661924
0 0.45110666666666666 0.5234341637010677 0.06276000000000007 0.09220640569395026
0 0.43592 0.4393950177935943 0.04527833333333319 0.056814946619217044
0 0.15777333333333332 0.5654448398576511 0.07207333333333331 0.07651245551601424
0 0.052586666666666664 0.5842170818505338 0.09151999999999998 0.08323398576512461
0 0.8992533333333335 0.563950177935943 0.07892666666666658 0.07537366548042707
0 0.6540799999999999 0.48734875444839854 0.06666666666666667 0.05698843416370113
0 0.7037066666666666 0.4695551601423487 0.05225999999999992 0.06059608540925273
0 0.31 0.41419928825622776 0.05710999999999997 0.0874377224199289
0 0.22 0.47153024911032027 0.05651833333333336 0.06731983985765126
0 0.14222666666666667 0.4893238434163701 0.04777666666666668 0.09208185053380782
0 0.47741333333333336 0.28717081850533804 0.0560933333333334 0.05115658362989324
0 0.4237066666666666 0.33708185053380785 0.07338833333333332 0.055778469750889625
0 0.23777333333333334 0.34252669039145905 0.04259333333333332 0.07310053380782915
0 0.23037333333333335 0.27282918149466195 0.03177666666666672 0.04834074733096078