0 0.148232421875 0.7049869791666666 0.10763183593749999 0.09040039062500001
0 0.24134765625 0.8668098958333333 0.08401855468749997 0.15601888020833332
0 0.347724609375 0.8449609374999999 0.13279541015624996 0.1770605468749998
0 0.7571875 0.7407942708333333 0.06546386718750008 0.08551757812500001
0 0.48095703125 0.9212239583333334 0.07121948242187504 0.13909016927083329
0 0.70033203125 0.8319401041666666 0.08611083984375001 0.09579752604166665
0 0.8486328125 0.9420572916666666 0.07421875 0.11588541666666667
0 0.662314453125 0.7101041666666666 0.06424316406250008 0.08951822916666667
0 0.64173828125 0.8816927083333334 0.099609375 0.12990559895833353
0 0.61244140625 0.9100651041666666 0.07017333984374985 0.14299804687499998
0 0.550712890625 0.9119270833333334 0.06422607421875015 0.09477376302083318
0 0.851005859375 0.6956901041666667 0.0810546875 0.08721679687500002
0 0.9326171875 0.6501171875 0.0647326660156251 0.07387044270833328
0 0.564658203125 0.7858984375000001 0.06529052734375007 0.0798925781249998
0 0.40736328125 0.7045182291666667 0.05665771484374993 0.07833496093749992
0 0.349814453125 0.7142838541666667 0.0673828125 0.10242350260416659
0 0.267861328125 0.732421875 0.06443603515624999 0.08175292968750014
0 0.046875 0.849609375 0.09375 0.11067708333333333
0 0.70103515625 0.5836067708333333 0.056605224609375115 0.0521533203124999
0 0.48130859375 0.7119661458333333 0.05692016601562494 0.07286946614583319
0 0.56919921875 0.7077734375000001 0.054967041015624885 0.0651269531250002
0 0.536064453125 0.7245182291666666 0.07184814453124999 0.06650065104166665
0 0.553154296875 0.6361588541666666 0.050048828125 0.0660107421875001
0 0.58314453125 0.6087239583333334 0.07244018554687481 0.06170898437499991
0 0.43421875 0.5124609375 0.0439453125 0.06124348958333329
0 0.305869140625 0.595234375 0.066162109375 0.06473144531250001
0 0.497353515625 0.8351953124999999 0.09078613281250003 0.0745898437500001
0 0.97119140625 0.5885416666666666 0.0576171875 0.057291666666666664
0 0.707900390625 0.6515104166666666 0.08400756835937506 0.08753417968749999
0 0.645576171875 0.5699348958333333 0.04095703124999983 0.04179687500000003
0 0.5220703125 0.5601432291666667 0.04975341796874999 0.041582031250000075
0 0.5995703125 0.5353385416666666 0.04095703125000005 0.044729817708333286
0 0.54458984375 0.5299088541666667 0.03618408203125001 0.04710449218749998
0 0.4757421875000001 0.6212630208333333 0.07244995117187503 0.10642252604166669
0 0.3703515625 0.5829817708333334 0.04497558593750006 0.06642415364583343
0 0.3519140625 0.5214192708333333 0.03452636718750002 0.05037760416666659
0 0.179951171875 0.7602734375 0.095487060546875 0.051826171875000014
0 0.20736328125 0.7145833333333332 0.06569213867187501 0.05052246093749998
0 0.076357421875 0.7102343750000001 0.0605810546875 0.06698893229166665
0 0.1672265625 0.6134375 0.04494628906249998 0.06296875000000002