0 0.28402499999999997 0.9087999999999999 0.11098906250000005 0.13541666666666666
0 0.405 0.945 0.1225 0.11
0 0.4375 0.90185 0.13482500000000003 0.12837916666666663
0 0.6302125 0.9416666666666667 0.08756875000000001 0.09986250000000003
0 0.552775 0.8976833333333334 0.11284687500000004 0.15668958333333335
0 0.6392375 0.8717666666666666 0.11375 0.12037083333333347
0 0.7243 0.8208333333333333 0.1074656250000001 0.1422208333333333
0 0.7673625 0.7162000000000001 0.08715312500000011 0.11631874999999998
0 0.6951375 0.6972166666666666 0.0646875 0.10120416666666661
0 0.609375 0.7152833333333334 0.06333281249999999 0.11337916666666673
0 0.3767375 0.7773166666666667 0.09263750000000001 0.11537083333333328
0 0.246875 0.7578666666666667 0.06159687500000004 0.1287729166666668