0 0.4675390625 0.9111349693251533 0.072265625 0.0982055214723926
0 0.39763671875 0.8598466257668712 0.08201660156250001 0.07664110429447857
0 0.374140625 0.8890797546012269 0.06830078125000005 0.11603527607361959
0 0.28900390625 0.9413496932515337 0.08583007812499999 0.09844708588957055
0 0.62287109375 0.8957975460122699 0.0935815429687501 0.15330138036809796
0 0.68939453125 0.873282208588957 0.055007324218749876 0.09523773006134974
0 0.84595703125 0.890521472392638 0.08154296875 0.13894938650306754
0 0.7598828125 0.81 0.08120849609375003 0.09130751533742336
0 0.797421875 0.7798159509202454 0.08021484374999988 0.08289493865030677
0 0.778203125 0.8924539877300613 0.06426757812500017 0.09288343558282235
0 0.569453125 0.7817177914110429 0.06448486328125003 0.11673312883435585
0 0.120234375 0.9015644171779141 0.08389404296875001 0.09147239263803697
0 0.11505859375 0.81 0.11747802734375001 0.12888420245398777