0 0.44252343749999995 0.6111111111111112 0.103962890625 0.22440624999999997
0 0.505859375 0.5719305555555556 0.08546289062499994 0.1346979166666666
0 0.5546875 0.7103194444444445 0.10172949218749991 0.13325868055555568
0 0.6749453125 0.7842222222222222 0.184431640625 0.16111111111111112
0 0.9266171875 0.7728194444444444 0.13599414062499982 0.17415624999999998
0 0.8044062500000001 0.6810555555555555 0.1302734375 0.14330208333333336
0 0.9266171875 0.5664722222222223 0.0998046875 0.12643749999999995
0 0.8883906250000001 0.5218194444444444 0.10228710937500018 0.10957291666666673
0 0.9266171875 0.4717222222222222 0.07679980468749967 0.07961284722222217
0 0.7525078125 0.5302638888888889 0.08674707031250009 0.10868055555555556
0 0.7865546875 0.5034722222222222 0.09217382812500005 0.07976215277777783
0 0.5968203125 0.5659722222222222 0.08106835937500012 0.174107638888889
0 0.6732734375 0.6170694444444444 0.10959863281250008 0.10389409722222212
0 0.371375 0.6319444444444444 0.09288476562499999 0.1689965277777778
0 0.220421875 0.8467222222222222 0.15936132812500003 0.19260937499999972
0 0.35658593750000006 0.8516805555555556 0.116462890625 0.14166666666666666
0 0.2140078125 0.7465277777777778 0.13726269531250004 0.07127951388888884
0 0.2759453125 0.6914722222222223 0.12354882812500004 0.12242013888888886