0 0.32885714285714285 0.7871428571428571 0.15920238095238098 0.14266071428571425
0 0.4380952380952381 0.9428571428571428 0.13333333333333333 0.11428571428571428
0 0.8629523809523809 0.8301428571428572 0.12259523809523812 0.14092857142857157
0 0.7336190476190476 0.8368571428571429 0.11479761904761912 0.15752678571428566
0 0.6319047619047619 0.6317857142857143 0.10723809523809522 0.08031250000000004
0 0.6171428571428571 0.6969285714285713 0.20959523809523808 0.06366071428571425
0 0.6248571428571429 0.7678571428571429 0.18152380952380953 0.10362499999999995
0 0.5945714285714285 0.8566428571428572 0.14053571428571437 0.10147321428571436
0 0.17695238095238094 0.876 0.10830952380952383 0.1489464285714285
0 0.09523809523809523 0.9285714285714286 0.1523809523809524 0.14285714285714285
0 0.04285714285714286 0.5857142857142857 0.08571428571428572 0.11428571428571428
0 0.13323809523809524 0.5955714285714285 0.09250000000000003 0.11959821428571432
0 0.26257142857142857 0.5120714285714285 0.12245238095238094 0.04300000000000007
0 0.22199999999999998 0.5941428571428572 0.09594047619047616 0.09158035714285709
0 0.41380952380952385 0.6327142857142857 0.11454761904761908 0.1003392857142856