0 0.87265625 0.8572916666666667 0.074921875 0.11572916666666666
0 0.7621125000000001 0.8109416666666668 0.0706640625 0.12005208333333334
0 0.621875 0.8645833333333334 0.06859375 0.075
0 0.42421875 0.828125 0.058828125 0.0859375
0 0.3746125 0.6833333333333333 0.04126953125 0.06166666666666667
0 0.27773749999999997 0.8119833333333333 0.0731640625 0.07494791666666667
0 0.20859375 0.8291666666666667 0.048671875 0.066875
0 0.66328125 0.759375 0.07375 0.07239583333333334
0 0.9413750000000001 0.8709083333333333 0.05889687500000008 0.06337916666666663
0 0.9815625 0.8491666666666666 0.036875 0.04666666666666667
0 0.9351999999999999 0.7213166666666667 0.05204218750000024 0.06163958333333331
0 0.8250687499999999 0.705125 0.0700046875000001 0.05353958333333348
0 0.8689125 0.7907583333333333 0.07436875000000015 0.07687083333333343
0 0.87529375 0.6966166666666667 0.045392187500000035 0.059206250000000106
0 0.8398875 0.65325 0.043739843749999924 0.05658749999999998
0 0.8248624999999999 0.6710916666666666 0.04142265625000022 0.045870833333333395
0 0.6929062500000001 0.6960666666666666 0.04829687500000006 0.057472916666666644
0 0.5590999999999999 0.8426333333333335 0.06660468750000006 0.12170104166666657
0 0.44073749999999995 0.7479416666666666 0.046318749999999936 0.05753541666666668
0 0.3001375 0.7353166666666666 0.06438906250000002 0.0877572916666666
0 0.34521875 0.7537083333333334 0.03812109374999992 0.10931562500000003
0 0.3466625 0.6543416666666667 0.07127343749999998 0.05020520833333345
0 0.42076875 0.6288166666666667 0.05614374999999996 0.05506458333333342
0 0.4055375 0.6461083333333334 0.028923437499999947 0.051650000000000015
0 0.48499375 0.6436416666666667 0.06392656250000002 0.06086875000000001
0 0.510725 0.6817916666666667 0.07613749999999996 0.06823124999999985
0 0.5364562500000001 0.7493166666666666 0.0657875 0.05190520833333324
0 0.6258 0.7191166666666667 0.04123984374999999 0.04361458333333341
0 0.2431125 0.63815 0.07136562499999996 0.08685000000000002
0 0.21779375 0.6194833333333333 0.06795390624999996 0.08602916666666659