0 0.5328125 0.5458333333333333 0.078515625 0.09765625
0 0.594140625 0.6885416666666667 0.078125 0.1625
0 0.462890625 0.6401041666666667 0.0884765625 0.08880208333333334
0 0.38203125 0.5942708333333333 0.0921875 0.08255208333333333
0 0.43671875 0.48385416666666664 0.0517578125 0.11380208333333333
0 0.46015625 0.37083333333333335 0.0705078125 0.10390625
0 0.433203125 0.22291666666666668 0.0484375 0.07317708333333334
0 0.581640625 0.2015625 0.0615234375 0.05286458333333333
0 0.538671875 0.22239583333333332 0.0693359375 0.03828125
0 0.158203125 0.58125 0.08359375 0.14765625
0 0.034375 0.7098958333333333 0.06875 0.14479166666666668
0 0.084765625 0.8208333333333333 0.1212890625 0.17708333333333334
0 0.82421875 0.7203125 0.1185546875 0.20286458333333332
0 0.949609375 0.646875 0.10078125 0.12916666666666668
0 0.87109375 0.5895833333333333 0.110546875 0.09348958333333333
0 0.961328125 0.5322916666666667 0.07734375 0.0875
0 0.877734375 0.48333333333333334 0.0744140625 0.10859375
0 0.797265625 0.4869791666666667 0.0833984375 0.14713541666666666
0 0.737109375 0.3494791666666667 0.06953125 0.08255208333333333
0 0.719921875 0.28229166666666666 0.0568359375 0.06640625
0 0.784375 0.25885416666666666 0.0580078125 0.07083333333333333
0 0.866796875 0.36041666666666666 0.07265625 0.13307291666666668
0 0.924609375 0.41041666666666665 0.06875 0.06432291666666666
0 0.950390625 0.3776041666666667 0.0837890625 0.05703125
0 0.0578125 0.5260416666666666 0.0955078125 0.08958333333333333
0 0.042578125 0.46458333333333335 0.08515625 0.07083333333333333
0 0.216015625 0.3546875 0.065625 0.071875
0 0.023828125 0.33645833333333336 0.04765625 0.06666666666666667
0 0.028515625 0.3765625 0.0546875 0.08046875
0 0.155078125 0.3885416666666667 0.0634765625 0.10026041666666667
0 0.112109375 0.4088541666666667 0.0697265625 0.11979166666666667
0 0.05859375 0.40208333333333335 0.0533203125 0.07708333333333334
0 0.251171875 0.2713541666666667 0.0640625 0.06796875
0 0.189453125 0.24166666666666667 0.0505859375 0.08098958333333334
0 0.285546875 0.17708333333333334 0.0447265625 0.06276041666666667
0 0.666796875 0.221875 0.0662109375 0.07083333333333333
0 0.72734375 0.19791666666666666 0.0470703125 0.06484375
0 0.8375 0.225 0.0484375 0.07708333333333334
0 0.797265625 0.2015625 0.053125 0.06666666666666667
0 0.68125 0.11822916666666666 0.0625 0.05703125
0 0.671875 0.08385416666666666 0.0626953125 0.05911458333333333
0 0.40234375 0.07864583333333333 0.0533203125 0.05703125
0 0.36015625 0.11041666666666666 0.0421875 0.05416666666666667
0 0.308203125 0.109375 0.0443359375 0.07942708333333333
0 0.807421875 0.11458333333333333 0.0328125 0.05390625