0 0.3174565972222222 0.7886848958333333 0.1736111111111111 0.3720182291666667
0 0.6355381944444445 0.89796875 0.2194965277777777 0.19623697916666671
0 0.6488715277777778 0.6454557291666666 0.1605902777777778 0.21205729166666668
0 0.5918315972222222 0.7431119791666667 0.18787326388888895 0.16554687500000007
0 0.4535590277777778 0.6417447916666666 0.1767100694444444 0.3348177083333334
0 0.35000868055555556 0.5585026041666666 0.14942708333333332 0.12369791666666667
0 0.15563368055555554 0.6501171875 0.0731684027777778 0.19903645833333336
0 0.9141840277777779 0.5650130208333334 0.17162326388888893 0.30785156249999995
0 0.8072916666666666 0.6231380208333333 0.12648437500000004 0.2678515625
0 0.7703993055555556 0.5524609375 0.14818576388888893 0.2901822916666667
0 0.6222135416666666 0.4771223958333333 0.10726562499999995 0.20274739583333337