0 0.41180833333333333 0.94166875 0.11527500000000003 0.09583124999999995
0 0.7708333333333334 0.9446875 0.19333333333333333 0.110625
0 0.8951416666666667 0.85676875 0.1069416666666666 0.06354375000000005
0 0.909725 0.79791875 0.14166666666666666 0.05833124999999995
0 0.875 0.73541875 0.1 0.05416875000000004
0 0.9291666666666667 0.70208125 0.125 0.05
0 0.9479166666666666 0.6578125 0.09583333333333334 0.036456249999999954
0 0.7472249999999999 0.6880187499999999 0.08333333333333333 0.05104375000000005
0 0.7958333333333333 0.6411437499999999 0.09166666666666666 0.040625
0 0.6881916666666666 0.7734375 0.08194166666666661 0.084375
0 0.7708333333333334 0.75364375 0.06944166666666661 0.061456249999999955
0 0.5833333333333334 0.74375 0.10555833333333339 0.05416875000000004
0 0.2798583333333333 0.9328125 0.14860833333333337 0.078125
0 0.5819416666666667 0.9005187499999999 0.10833333333333334 0.10104375000000004
0 0.22708333333333333 0.84739375 0.17360833333333336 0.09479375000000005
0 0.1375 0.77604375 0.13610833333333336 0.06041875000000005
0 0.10416666666666667 0.6713562500000001 0.09166666666666666 0.046875
0 0.07430833333333334 0.7182312500000001 0.07360833333333335 0.046875
0 0.19305833333333333 0.7015625 0.10277499999999999 0.057293750000000046
0 0.30139166666666667 0.7296875 0.08610833333333337 0.05520624999999996
0 0.28125 0.6401062500000001 0.07639166666666664 0.03854375000000004
0 0.4319416666666667 0.63801875 0.075 0.038543749999999974
0 0.33264166666666667 0.67604375 0.07916666666666666 0.047918750000000045
0 0.652775 0.6880187499999999 0.0555583333333334 0.04270624999999995
0 0.9381916666666666 0.5588562499999999 0.06805833333333339 0.04270624999999995
0 0.3576416666666667 0.5979187499999999 0.059724999999999966 0.05