0 0.3471015625 0.7604166666666666 0.04921875 0.059673611111111
0 0.22711718749999998 0.7698472222222221 0.0421875 0.08442361111111123
0 0.41155468749999996 0.6701388888888888 0.02953417968750003 0.05664756944444444
0 0.3741640625 0.6750972222222222 0.040555664062499996 0.06416145833333343
0 0.3677421875 0.7227222222222223 0.043722656250000026 0.05555555555555555
0 0.985546875 0.8618055555555556 0.02890625 0.07916666666666666
0 0.939453125 0.8005972222222222 0.028990234375000055 0.057440972222222005
0 0.9059687500000001 0.7876944444444445 0.0411972656249997 0.0666423611111109
0 0.8401249999999999 0.7544583333333333 0.04584277343749967 0.0555312500000001
0 0.98515625 0.6979166666666666 0.0296875 0.0625
0 0.9651249999999999 0.686513888888889 0.02653417968750027 0.05143923611111118
0 0.9229921875 0.7356111111111111 0.05228710937500018 0.05089236111111109
0 0.8830937499999999 0.6760972222222222 0.04299609375000024 0.06651736111111117
0 0.8872734375 0.5962361111111112 0.027190429687500028 0.05411631944444445
0 0.8565859375 0.6135972222222222 0.03908984375000024 0.058284722222222266
0 0.6520625 0.6294583333333333 0.03356542968750009 0.04449479166666666
0 0.6177421875 0.7142916666666667 0.034263671875000054 0.059375
0 0.6319765625 0.7648750000000001 0.04559179687499988 0.052729166666666556
0 0.5304140625 0.6423611111111112 0.031138671874999878 0.0563993055555555
0 0.510046875 0.6041666666666666 0.045130859375000124 0.04236111111111111
0 0.509765625 0.5644861111111111 0.03844921874999994 0.04722222222222222
0 0.4416875 0.5882916666666667 0.04282910156250015 0.051859375000000006
0 0.3060859375 0.6006944444444444 0.03373242187500001 0.05123958333333339
0 0.2354921875 0.6701388888888888 0.04125292968749994 0.05699479166666666
0 0.21846875 0.6155694444444444 0.047879882812499996 0.058309027777777724
0 0.154296875 0.5848194444444444 0.04587109375000002 0.04950347222222228
0 0.11077343749999999 0.5992083333333333 0.0486044921875 0.04868576388888878
0 0.0714296875 0.5729166666666666 0.03666210937500001 0.03888888888888889