0 0.5541328125 0.7886944444444445 0.04528417968749991 0.0913697916666665
0 0.5814765625 0.908236111111111 0.05482617187500001 0.096875
0 0.6236015625 0.8809583333333333 0.042396484374999946 0.07110590277777773
0 0.6796875 0.8874027777777778 0.06875 0.11666666666666667
0 0.238 0.7113055555555555 0.03487695312500003 0.06671527777777782
0 0.21484375 0.7916666666666666 0.051171875 0.10570486111111121
0 0.19296875 0.9631944444444445 0.0578125 0.07361111111111111
0 0.3783515625 0.6354166666666666 0.035337890624999965 0.05381944444444445
0 0.3111015625 0.6929583333333332 0.04065234374999997 0.05580208333333335
0 0.38364843749999994 0.7415694444444444 0.03515625 0.05014930555555534
0 0.3995546875 0.8050555555555555 0.035910156250000026 0.09047569444444466
0 0.47991406249999996 0.828375 0.05463085937500001 0.09865972222222233
0 0.6810859375 0.7822361111111111 0.03734667968750003 0.06984201388888904
0 0.740234375 0.6914722222222223 0.032170898437500026 0.07775347222222224
0 0.70703125 0.6914722222222223 0.04567480468749992 0.07085763888888887
0 0.53515625 0.6934583333333334 0.04681835937500001 0.07227083333333328
0 0.49107031250000005 0.6964305555555556 0.0322265625 0.04632986111111105