0 0.39703906250000004 0.8110138888888888 0.08984375000000004 0.12598611111111116
0 0.52371875 0.8660694444444446 0.07757031249999997 0.2400833333333332
0 0.685265625 0.8938472222222222 0.07366406249999997 0.19245833333333323
0 0.8621640625 0.8953333333333333 0.1037968750000001 0.19940277777777768
0 0.1548515625 0.797125 0.13336718749999998 0.10218055555555547
0 0.2901796875 0.7857083333333333 0.09039843750000003 0.10912499999999992
0 0.43359375 0.6944444444444444 0.06138281249999995 0.09920833333333343
0 0.5694765625 0.6582361111111111 0.06640625 0.09027777777777778
0 0.665734375 0.6165694444444445 0.07477343750000003 0.09425000000000001
0 0.7173515625 0.7137916666666666 0.09653906249999995 0.1934583333333333
0 0.8387265625 0.7162638888888889 0.09486718749999996 0.17856944444444436
0 0.6303046875 0.5510972222222222 0.05971093750000005 0.07043055555555561
0 0.53878125 0.5406805555555556 0.047429687500000026 0.08531944444444438
0 0.6244453125 0.47866666666666663 0.04575781249999995 0.0763888888888889
0 0.5825859375 0.4702361111111111 0.035710937500000026 0.035708333333333384