0 0.44252343749999995 0.6111111111111112 0.10533007812499999 0.22475347222222222
0 0.505859375 0.5719305555555556 0.08166796875000007 0.12460416666666671
0 0.5546875 0.7103194444444445 0.10016699218749991 0.129092013888889
0 0.6749453125 0.7842222222222222 0.1846962890624999 0.16284722222222223
0 0.9266171875 0.7728194444444444 0.13606347656249973 0.17492534722222217
0 0.8044062500000001 0.6810555555555555 0.13671875 0.16765798611111118
0 0.9266171875 0.5664722222222223 0.1015625 0.1319687499999999
0 0.8883906250000001 0.5218194444444444 0.09916210937500018 0.09846180555555561
0 0.9266171875 0.4717222222222222 0.07816699218749967 0.0862100694444444
0 0.7525078125 0.5302638888888889 0.08909082031250008 0.11527777777777778
0 0.7865546875 0.5034722222222222 0.09235546875000011 0.08174652777777772
0 0.5968203125 0.5659722222222222 0.07834765625000006 0.1711319444444445
0 0.6732734375 0.6170694444444444 0.11236132812499999 0.1126493055555555
0 0.371375 0.6319444444444444 0.09366601562499999 0.16934375000000002
0 0.220421875 0.8467222222222222 0.15173046875 0.16577430555555533
0 0.35658593750000006 0.8516805555555556 0.11340722656250005 0.13333333333333333
0 0.2140078125 0.7465277777777778 0.13667675781250005 0.06815451388888884
0 0.2759453125 0.6914722222222223 0.12105175781250006 0.11155729166666661