0 0.09114583333333333 0.8416043613707165 0.03958333333333333 0.06060358255451718
0 0.19076041666666665 0.9584267912772585 0.05654296875 0.07041082554517154
0 0.2581354166666667 0.969626168224299 0.02530989583333335 0.0577297507788162
0 0.3359375 0.9131619937694704 0.04928385416666667 0.040498442367601244
0 0.32421875 0.7345171339563863 0.019791666666666666 0.06449766355140174
0 0.12077083333333333 0.6692990654205607 0.022559895833333333 0.02799065420560734
0 0.28417708333333336 0.9672897196261683 0.01847395833333335 0.06542056074766354
0 0.07338541666666668 0.794423676012461 0.03016927083333333 0.04669197819314632
0 0.6494583333333334 0.854766355140187 0.028268229166666714 0.06503894080996901
0 0.6137291666666667 0.7949999999999999 0.03767838541666677 0.04246495327102802
0 0.6481041666666666 0.9746105919003116 0.03341536458333323 0.035895638629283605
0 0.67359375 0.9656697819314642 0.03231119791666662 0.040634735202492354
0 0.5227708333333333 0.7805607476635514 0.026835937499999987 0.033860981308411184
0 0.5615833333333333 0.7964330218068536 0.0312734374999998 0.05721378504672887
0 0.4891666666666667 0.5960280373831776 0.014484374999999971 0.02488901869158877
0 0.5527083333333334 0.6529127725856698 0.023955729166666846 0.018785046728972056
0 0.556375 0.6783333333333333 0.028915364583333533 0.03628504672897208
0 0.39318749999999997 0.8345638629283488 0.03843749999999998 0.03408878504672896
0 0.6249270833333332 0.6563862928348909 0.0211666666666666 0.03859034267912769
0 0.7633958333333334 0.658411214953271 0.022901041666666563 0.04199766355140183
0 0.6353541666666668 0.6289563862928349 0.012919270833333248 0.02048676012461064
0 0.5579166666666667 0.5714797507788162 0.017734374999999858 0.032786214953270915
0 0.8136041666666666 0.5353894080996885 0.022610677083333287 0.03262071651090342
0 0.87328125 0.6286604361370717 0.02805598958333325 0.03624026479750781
0 0.9053333333333333 0.6679283489096574 0.02675260416666679 0.03470794392523351
0 0.72825 0.7476323987538941 0.021829427083333287 0.03186331775700928
0 0.77228125 0.7441744548286604 0.018020833333333285 0.041892523364485956
0 0.7805833333333333 0.7158722741433021 0.022921874999999876 0.03519859813084107
0 0.8004791666666667 0.7300155763239876 0.02418750000000003 0.03748052959501558
0 0.4648333333333333 0.9081931464174454 0.03354427083333332 0.06888629283489082
0 0.3080208333333333 0.9526635514018692 0.0278437499999999 0.06545171339563896
0 0.32425 0.9376479750778817 0.03938151041666664 0.0409521028037383
0 0.4296875 0.6514797507788161 0.030410156250000025 0.023043224299065492
0 0.39879166666666666 0.6404984423676012 0.024708333333333242 0.036024143302180595
0 0.4563333333333333 0.612196261682243 0.013536458333333338 0.021553738317756973
0 0.48801041666666667 0.5599376947040499 0.020096354166666684 0.02898364485981302
0 0.4507395833333333 0.5668691588785046 0.011411458333333376 0.022285825545171348
0 0.31265624999999997 0.5945794392523365 0.019903645833333292 0.029373052959501492
0 0.3395 0.588239875389408 0.018505208333333318 0.03742211838006227
0 0.3495416666666667 0.5766822429906542 0.021619791666666662 0.023543613707165123
0 0.8947187499999999 0.9454517133956386 0.039708333333333456 0.06204828660436143
0 0.9567083333333334 0.9665264797507788 0.0422760416666667 0.05792056074766347
0 0.9400937500000001 0.9463084112149532 0.035976562499999906 0.05394080996884752
0 0.8640625 0.9735202492211839 0.030208333333333334 0.0529595015576324
0 0.92715625 0.8411993769470404 0.033468749999999874 0.0564524922118381
0 0.9783333333333334 0.6898753894080997 0.03338541666666662 0.03906152647975076
0 0.8611145833333332 0.7178971962616822 0.032035156250000085 0.0467133956386293
0 0.8363958333333333 0.687570093457944 0.018861979166666744 0.030237538940810004
0 0.7062291666666667 0.645404984423676 0.018772135416666676 0.02491043613707175
0 0.7317291666666667 0.6610124610591901 0.020221354166666573 0.02499999999999993
0 0.7245833333333334 0.6740031152647975 0.02086979166666675 0.02620132398753906