0 0.24852 0.9326868327402135 0.06296000000000003 0.09786476868327403
0 0.08704 0.7339857651245552 0.08074666666666667 0.12355871886121006
0 0.027413333333333328 0.8595373665480427 0.05481333333333333 0.16311387900355864
0 0.19222666666666666 0.7670996441281139 0.07333333333333333 0.09094306049822067
0 0.2707466666666667 0.7705693950177936 0.07481333333333336 0.09193950177935936
0 0.2803733333333333 0.6148754448398577 0.05704000000000004 0.06722419928825618
0 0.4062933333333334 0.8966014234875445 0.09555999999999995 0.085017793594306
0 0.51592 0.9445373665480428 0.09851999999999998 0.09391459074733091
0 0.84296 0.8293772241992883 0.08 0.10478647686832737
0 0.61556 0.7280604982206406 0.06074666666666675 0.07612099644128109
0 0.6533333333333333 0.8140569395017794 0.08296000000000003 0.11170818505338073
0 0.40741333333333335 0.7843950177935943 0.07703999999999997 0.10973309608540918
0 0.43518666666666667 0.6825800711743772 0.11777333333333338 0.0840213523131673
0 0.40814666666666666 0.6361209964412812 0.0992533333333334 0.07414590747330954
0 0.37481333333333333 0.5758185053380783 0.08 0.0840213523131673
0 0.51148 0.6301957295373666 0.08370666666666662 0.10576512455516003
0 0.45110666666666666 0.5234341637010677 0.06074666666666675 0.089964412811388
0 0.43592 0.4393950177935943 0.042226666666666614 0.05238434163701072
0 0.15777333333333332 0.5654448398576511 0.06962666666666667 0.0711743772241993
0 0.052586666666666664 0.5842170818505338 0.08741333333333334 0.07314946619217085
0 0.8992533333333335 0.563950177935943 0.07703999999999997 0.07017793594306039
0 0.6540799999999999 0.48734875444839854 0.0666666666666666 0.057330960854092575
0 0.7037066666666666 0.4695551601423487 0.0503733333333333 0.057330960854092575
0 0.31 0.41419928825622776 0.05110666666666665 0.081067615658363
0 0.22 0.47153024911032027 0.05481333333333335 0.06524911032028467
0 0.14222666666666667 0.4893238434163701 0.044440000000000014 0.08896797153024912
0 0.47741333333333336 0.28717081850533804 0.05408000000000008 0.04448398576512456
0 0.4237066666666666 0.33708185053380785 0.07110666666666672 0.049430604982206354
0 0.23777333333333334 0.34252669039145905 0.03704000000000004 0.06820284697508894
0 0.23037333333333335 0.27282918149466195 0.031106666666666647 0.0474555160142349