0 0.5541328125 0.7886944444444445 0.043523437500000026 0.08929166666666662
0 0.5814765625 0.908236111111111 0.051335937500000026 0.09027777777777778
0 0.6236015625 0.8809583333333333 0.04073437500000008 0.06745833333333325
0 0.6796875 0.8874027777777778 0.0625 0.10416666666666667
0 0.238 0.7113055555555555 0.034039062500000036 0.06547222222222228
0 0.21484375 0.7916666666666666 0.046875 0.10119444444444431
0 0.193359375 0.9638888888888889 0.05703125 0.07222222222222222
0 0.3783515625 0.6354166666666666 0.03348437500000001 0.04861111111111111
0 0.3111015625 0.6929583333333332 0.04073437499999999 0.056541666666666636
0 0.38364843749999994 0.7415694444444444 0.03515624999999996 0.05059722222222231
0 0.3995546875 0.8050555555555555 0.03348437500000001 0.08829166666666657
0 0.47991406249999996 0.828375 0.051335937500000026 0.09325000000000014
0 0.6810859375 0.7822361111111111 0.03627343750000005 0.06845833333333329
0 0.740234375 0.6914722222222223 0.02846093750000005 0.0734166666666666
0 0.70703125 0.6914722222222223 0.043523437500000026 0.06547222222222228
0 0.53515625 0.6934583333333334 0.043523437500000026 0.06547222222222221
0 0.49107031250000005 0.6964305555555556 0.03125 0.04365277777777771