0 0.49414375 0.41875 0.08359375 0.11666666666666667
0 0.30546875 0.8739583333333333 0.1609375 0.21458333333333332
0 0.8859375 0.9088583333333334 0.19375 0.16770833333333332
0 0.8703125 0.769275 0.184375 0.12604166666666666
0 0.921875 0.6546916666666667 0.1 0.13854166666666667
0 0.8015625 0.6072916666666667 0.1 0.08541666666666667
0 0.78203125 0.6724 0.1109375 0.10729166666666666
0 0.7234375 0.7385416666666667 0.134375 0.09791666666666667
0 0.7386750000000001 0.884375 0.16640625 0.21458333333333332
0 0.6043000000000001 0.9432333333333335 0.14609375000000008 0.10729166666666666
0 0.54805 0.8427083333333333 0.11484375 0.11458333333333333
0 0.52695625 0.7401083333333334 0.09140625 0.096875
0 0.6097687500000001 0.7276083333333333 0.08203125000000007 0.15104166666666666
0 0.43046875 0.7390666666666666 0.0859375 0.13229166666666667
0 0.13945625 0.8375 0.18515625 0.225
0 0.02578125 0.8145833333333333 0.0484375 0.19583333333333333
0 0.14101875 0.6333333333333333 0.08671875 0.12083333333333333
0 0.0515625 0.5885416666666666 0.090625 0.09375
0 0.0640625 0.6744833333333333 0.128125 0.07604166666666666
0 0.2433625 0.5421916666666666 0.06796875 0.06770833333333333
0 0.31445625 0.4901083333333333 0.06640625 0.06354166666666666
0 0.3921875 0.5088583333333333 0.084375 0.11354166666666667
0 0.546875 0.61875 0.0875 0.12916666666666668
0 0.40859375 0.640625 0.1296875 0.07708333333333334
0 0.471875 0.588025 0.08125 0.07604166666666666
0 0.73125 0.5104166666666666 0.08125 0.09166666666666666
0 0.8128937500000001 0.48073333333333335 0.05859375 0.090625
0 0.93203125 0.5572916666666666 0.0921875 0.07708333333333334