0 0.6088203125 0.8303611111111111 0.06361718750000005 0.09325000000000014
0 0.738 0.9449444444444445 0.06528906249999995 0.10019444444444459
0 0.7971562499999999 0.9335277777777777 0.07086718749999994 0.06944444444444445
0 0.775109375 0.8427638888888889 0.06138281249999995 0.11805555555555555
0 0.7818046875 0.7906805555555555 0.06361718749999996 0.10515277777777783
0 0.8582578125 0.8065416666666667 0.0602656249999999 0.09325000000000014
0 0.8708125000000001 0.7316527777777777 0.0563593749999999 0.07043055555555561
0 0.97265625 0.5997083333333334 0.030132812500000127 0.05654166666666672
0 0.6517890625 0.6979166666666666 0.05580468750000005 0.05456944444444439
0 0.5912421875 0.7247083333333333 0.05747656249999995 0.08036111111111105
0 0.5929140625 0.6631944444444444 0.054132812499999974 0.05258333333333335
0 0.62890625 0.6284722222222222 0.03236718750000005 0.05852777777777776
0 0.751953125 0.5739027777777778 0.039617187500000026 0.05258333333333335
0 0.876953125 0.5927638888888889 0.0530156250000001 0.050597222222222155
0 0.90625 0.5674583333333333 0.037945312500000127 0.0595277777777778
0 0.40875781250000004 0.7876944444444445 0.05301562499999997 0.06745833333333325
0 0.2784609375 0.9295694444444444 0.07477343750000003 0.09325000000000014
0 0.0270625 0.8849166666666667 0.045203125 0.11904166666666671
0 0.087609375 0.7425555555555555 0.05245312500000001 0.09226388888888898
0 0.20703125 0.6537638888888888 0.04129687500000001 0.08929166666666662
0 0.1596015625 0.6800555555555555 0.042414062500000016 0.07837500000000001
0 0.1356015625 0.7098194444444446 0.043523437499999984 0.11012500000000003
0 0.205359375 0.7956388888888889 0.055804687500000026 0.08333333333333333
0 0.16461718749999998 0.8566527777777777 0.07254687499999998 0.08630555555555569
0 0.2533515625 0.875 0.06026562499999999 0.05952777777777764
0 0.1928046875 0.9409722222222222 0.061945312500000016 0.09226388888888898
0 0.128125 0.9638888888888889 0.0703125 0.07222222222222222
0 0.42857031250000005 0.6924583333333333 0.035710937500000026 0.0595277777777778
0 0.666296875 0.6051527777777778 0.042414062499999974 0.051583333333333314
0 0.58203125 0.5942500000000001 0.03682812500000008 0.07143055555555548
0 0.5033515625 0.6284722222222222 0.03794531249999995 0.050597222222222155
0 0.537109375 0.6374027777777778 0.03739062499999992 0.04463888888888887
0 0.470421875 0.6026805555555556 0.04799218750000005 0.05852777777777776
0 0.623046875 0.5798611111111112 0.038507812499999974 0.04463888888888887
0 0.59403125 0.4796666666666667 0.03069531249999997 0.05456944444444439