0 0.4675390625 0.9111349693251533 0.068359375 0.08914110429447836
0 0.39763671875 0.8598466257668712 0.0799609375 0.0671165644171779
0 0.374140625 0.8890797546012269 0.06226562499999999 0.108312883435583
0 0.28900390625 0.9413496932515337 0.081171875 0.08819018404907976
0 0.62287109375 0.8957975460122699 0.08849609375000012 0.14665644171779124
0 0.68939453125 0.873282208588957 0.04943359374999989 0.09012269938650305
0 0.84595703125 0.890521472392638 0.078125 0.13613496932515337
0 0.7598828125 0.81 0.07935546874999999 0.08628834355828219
0 0.797421875 0.7798159509202454 0.0811718749999999 0.08340490797546012
0 0.778203125 0.8924539877300613 0.05980468750000001 0.08625766871165645
0 0.569453125 0.7817177914110429 0.06470703124999999 0.11791411042944784
0 0.120234375 0.9015644171779141 0.07935546874999999 0.08147239263803664
0 0.11505859375 0.81 0.11169921875 0.11696319018404906