0 0.4811521926053311 0.7684192439862544 0.05230438521066202 0.08972508591065284
0 0.5123215821152193 0.8953837342497136 0.08168529664660361 0.07636884306987408
0 0.6552708512467756 0.8934707903780069 0.06090283748925187 0.07254295532646039
0 0.5832588134135855 0.8782016036655211 0.06018916595012898 0.08018327605956473
0 0.9182459157351678 0.9201947308132875 0.10533104041272572 0.12600229095074456
0 0.6559931212381771 0.6529209621993127 0.0465778159931213 0.05345933562428416
0 0.6968357695614789 0.673917525773196 0.04514187446259673 0.05345933562428416
0 0.18630266552020636 0.8972852233676977 0.06305245055889938 0.07636884306987408
0 0.2647635425623388 0.9421534936998854 0.05660361134995704 0.07827033218785788
0 0.10210662080825451 0.7488545246277205 0.07953568357695615 0.06967926689576166
0 0.06377472055030095 0.8299885452462773 0.06735167669819433 0.052497136311569215
0 0.03797936371453139 0.869610538373425 0.07595012897678419 0.07827033218785788
0 0.03912295786758384 0.9438717067583047 0.07824591573516768 0.09163802978235967
0 0.5937231298366294 0.9599083619702177 0.08684436801375753 0.08018327605956473
0 0.41917454858125536 0.8929896907216496 0.07022355975924335 0.09831615120274906