0 0.73536 0.5323866666666667 0.06675 0.06535666666666672
0 0.81679 0.51476 0.07 0.10633333333333334
0 0.69857 0.48428 0.045964999999999916 0.05347666666666661
0 0.5875 0.5014266666666667 0.060714999999999915 0.060903333333333344
0 0.5067900000000001 0.4676133333333333 0.06228624999999994 0.06835666666666672
0 0.34036 0.42951999999999996 0.03864250000000004 0.07757000000000001
0 0.2425 0.48142666666666667 0.046963750000000005 0.07726166666666677
0 0.16429 0.5414266666666666 0.045927499999999954 0.05357000000000001
0 0.16786 0.44952 0.03889249999999998 0.06947666666666662
0 0.40893 0.38094666666666666 0.04241125 0.04426166666666677
0 0.6028600000000001 0.46572 0.03782249999999999 0.06571333333333329
0 0.6425 0.46142666666666665 0.04496374999999989 0.05911833333333334
0 0.61893 0.38905333333333336 0.05835749999999985 0.05990333333333334
0 0.2725 0.32666666666666666 0.038965000000000034 0.03971333333333329
0 0.24536000000000002 0.36 0.045892500000000044 0.04747666666666661
0 0.20286 0.4009466666666666 0.04028499999999997 0.05619000000000005