0 0.3074765625 0.7936527777777778 0.1042275390625 0.15935069444444422
0 0.2921328125 0.702375 0.06563867187500003 0.059399305555555615
0 0.5675234375 0.6532777777777778 0.0890625 0.08442534722222221
0 0.5298515625 0.5793611111111111 0.07039648437500005 0.08209374999999994
0 0.45340625 0.5947361111111111 0.07572558593749985 0.06698958333333328
0 0.6520625 0.7410694444444446 0.060378906250000065 0.10451388888888889
0 0.74609375 0.6924583333333333 0.08264550781250009 0.10181076388888878
0 0.7765078125 0.7901805555555554 0.07469335937499988 0.14424652777777755
0 0.8523984375 0.7703333333333333 0.06530371093750027 0.12678645833333324
0 0.5228828125 0.7891805555555556 0.09312207031249997 0.13186979166666662
0 0.46205468749999995 0.6760972222222223 0.03705273437500001 0.08482291666666665
0 0.228515625 0.7247083333333333 0.055246093750000023 0.09598263888888899
0 0.2720390625 0.6279722222222222 0.08044140625000003 0.09464236111111117
0 0.2000546875 0.5808472222222222 0.05128320312500001 0.07351041666666668
0 0.3395625 0.5952361111111111 0.04740527343750003 0.08182118055555555
0 0.439734375 0.4990138888888889 0.04553613281249991 0.06845312499999999
0 0.5259453125 0.5 0.06411914062499999 0.06324305555555551
0 0.5979375 0.49801388888888887 0.052288085937499854 0.04055034722222233
0 0.6361640625 0.5625 0.05153417968749992 0.07807465277777778
0 0.6640625 0.5401805555555556 0.040931640624999946 0.06532638888888885
0 0.7608828125 0.5699444444444445 0.06898730468749985 0.09022743055555556
0 0.7943671875 0.672625 0.05323632812499994 0.08035763888888883