0 0.3109375 0.859375 0.15625 0.20208333333333334
0 0.54883125 0.846875 0.11015625 0.12291666666666666
0 0.7410187500000001 0.8833333333333333 0.16640625 0.23333333333333334
0 0.89375 0.9046916666666668 0.190625 0.146875
0 0.8734375 0.7614583333333333 0.18125 0.11041666666666666
0 0.6121125000000001 0.7239583333333334 0.08671875000000007 0.13541666666666666
0 0.52851875 0.74115 0.08828125 0.090625
0 0.4296875 0.74115 0.075 0.115625
0 0.1464875 0.8234416666666667 0.18671875 0.2093750000000001
0 0.24375 0.5479166666666667 0.071875 0.075
0 0.3875 0.49270833333333336 0.078125 0.10208333333333333
0 0.49414375 0.4166666666666667 0.07109375 0.10416666666666667
0 0.54726875 0.6177083333333333 0.09296875 0.13333333333333333
0 0.8043 0.6072916666666667 0.09296875 0.08958333333333333
0 0.78125 0.665625 0.115625 0.09375
0 0.9160187500000001 0.6588583333333333 0.10234375 0.13020833333333334