0 0.57337890625 0.7835807291666667 0.13671875 0.16834635416666663
0 0.7373046875 0.9170442708333333 0.14927734375000012 0.14881510416666663
0 0.801474609375 0.8156640624999999 0.17159179687500004 0.14695312499999988
0 0.924599609375 0.8058984374999999 0.14020507812499994 0.1404427083333332
0 0.874716796875 0.9375911458333334 0.12555664062499994 0.12481770833333321
0 0.93666015625 0.674296875 0.12666992187500004 0.10975260416666661
0 0.960380859375 0.576640625 0.0792382812500001 0.13020833333333334
0 0.862509765625 0.5492057291666667 0.1150976562499999 0.14601562499999998
0 0.8984375 0.47479166666666667 0.08370117187500004 0.07904947916666671
0 0.95423828125 0.3882942708333333 0.0558007812500001 0.11067708333333333
0 0.864951171875 0.3864453125 0.053017578124999964 0.10324218749999996
0 0.704169921875 0.723125 0.1290429687500001 0.12928385416666663
0 0.721259765625 0.625 0.1395117187499999 0.08184895833333335
0 0.365517578125 0.6570833333333334 0.078125 0.10881510416666658
0 0.231240234375 0.48920572916666666 0.08858398437499998 0.12277343749999996
0 0.27064453125 0.44829427083333334 0.10602539062499997 0.10044270833333331
0 0.133583984375 0.4859505208333333 0.1025390625 0.07904947916666671
0 0.089287109375 0.6208203125000001 0.17298828125 0.10324218750000003
0 0.145087890625 0.5682682291666666 0.09486328124999999 0.0762630208333334
0 0.35609375 0.4264322916666667 0.06905273437500004 0.08277343750000006
0 0.41748046875 0.3971354166666667 0.06766601562499996 0.057669270833333286
0 0.61314453125 0.4952604166666667 0.06278320312499996 0.10138020833333335