0 0.1898548387096774 0.8427619047619047 0.09072580645161288 0.2490000000000001
0 0.6811129032258065 0.7519761904761905 0.0625 0.19445238095238085
0 0.5621612903225807 0.7380952380952381 0.06922580645161283 0.17064285714285704
0 0.4452258064516129 0.8075476190476191 0.09206451612903228 0.24207142857142847
0 0.3071290322580645 0.8050714285714285 0.08198387096774191 0.21726190476190477
0 0.21069354838709678 0.7276904761904762 0.1216451612903226 0.12202380952380952
0 0.0702258064516129 0.7772857142857142 0.07729032258064517 0.24107142857142858
0 0.08300000000000002 0.5912619047619049 0.09072580645161292 0.0952380952380953
0 0.17003225806451613 0.5987142857142858 0.06182258064516131 0.11804761904761901
0 0.16464516129032258 0.5456428571428571 0.055112903225806434 0.06745238095238092
0 0.33803225806451614 0.5882857142857143 0.07124193548387099 0.1051666666666667
0 0.31451612903225806 0.6567380952380952 0.06720967741935487 0.09126190476190486
0 0.4250645161290323 0.6840238095238096 0.09206451612903228 0.16964285714285715
0 0.49529032258064515 0.6661666666666667 0.05241935483870968 0.15773809523809523
0 0.7668064516129033 0.630452380952381 0.057790322580645224 0.14185714285714288
0 0.8380322580645162 0.6111190476190477 0.049725806451612876 0.11111904761904759
0 0.8135 0.5535714285714286 0.0369677419354839 0.08333333333333333
0 0.7469677419354839 0.5416666666666666 0.051741935483871036 0.07142857142857142
0 0.7039677419354838 0.5729047619047619 0.047709677419354904 0.11409523809523807
0 0.6031612903225806 0.5615000000000001 0.046370967741935484 0.1071428571428572
0 0.47245161290322585 0.5724285714285714 0.057790322580645224 0.09721428571428567
0 0.251 0.6016904761904763 0.0625 0.10416666666666674
0 0.09543548387096774 0.5352142857142856 0.04301612903225806 0.0625
0 0.15490322580645163 0.46576190476190477 0.045032258064516106 0.0625
0 0.5544354838709677 0.5659761904761905 0.04704838709677413 0.10019047619047615