0 0.6088203125 0.8303611111111111 0.06414648437500006 0.09449305555555566
0 0.738 0.9449444444444445 0.06939160156250015 0.10939930555555577
0 0.7971562499999999 0.9335277777777777 0.07262792968750001 0.07534722222222222
0 0.775109375 0.8427638888888889 0.06548535156250015 0.125
0 0.7818046875 0.7906805555555555 0.06625292968750003 0.11106076388888873
0 0.8582578125 0.8065416666666667 0.0656386718750003 0.10453819444444434
0 0.8708125000000001 0.7316527777777777 0.06018359375000024 0.08184375
0 0.97265625 0.5997083333333334 0.03292382812499994 0.0613576388888889
0 0.6517890625 0.6979166666666666 0.05613867187500006 0.05669791666666665
0 0.5912421875 0.7247083333333333 0.05929101562499994 0.08467361111111099
0 0.5929140625 0.6631944444444444 0.05650195312499999 0.06210416666666671
0 0.62890625 0.6284722222222222 0.03275683593750003 0.059572916666666566
0 0.751953125 0.5739027777777778 0.04176855468749992 0.058656249999999945
0 0.876953125 0.5927638888888889 0.054269531250000114 0.05813541666666661
0 0.90625 0.5674583333333333 0.04054101562499994 0.06557638888888893
0 0.40875781250000004 0.7876944444444445 0.055455078125000015 0.0737100694444447
0 0.2784609375 0.9295694444444444 0.0785849609375 0.1038437499999999
0 0.0270625 0.8849166666666667 0.05213476562499999 0.12633854166666683
0 0.087609375 0.7425555555555555 0.056472656249999996 0.10014930555555558
0 0.20703125 0.6537638888888888 0.04196484375000002 0.09003125
0 0.1596015625 0.6800555555555555 0.04224414062500004 0.07896875000000002
0 0.1356015625 0.7098194444444446 0.047599609375000004 0.11607291666666665
0 0.205359375 0.7956388888888889 0.06010058593750003 0.09166666666666666
0 0.16461718749999998 0.8566527777777777 0.07733007812499999 0.10002430555555546
0 0.2533515625 0.875 0.06252734374999998 0.06696527777777767
0 0.1928046875 0.9409722222222222 0.06389550781250004 0.0964288194444445
0 0.127734375 0.9631944444444445 0.07109375 0.07361111111111111
0 0.42857031250000005 0.6924583333333333 0.03639746093750009 0.06212847222222217
0 0.666296875 0.6051527777777778 0.04358300781249991 0.0545381944444445
0 0.58203125 0.5942500000000001 0.03917382812499994 0.07524826388888894
0 0.5033515625 0.6284722222222222 0.038392578124999945 0.051538194444444387
0 0.537109375 0.6374027777777778 0.03805859374999994 0.04692361111111107
0 0.470421875 0.6026805555555556 0.050083984374999876 0.06393749999999995
0 0.623046875 0.5798611111111112 0.039481445312500085 0.04846180555555545
0 0.59403125 0.4796666666666667 0.03072070312499999 0.05461458333333332