0 0.3471015625 0.7604166666666666 0.046875 0.0525833333333332
0 0.22711718749999998 0.7698472222222221 0.0390625 0.07936111111111124
0 0.41155468749999996 0.6701388888888888 0.028460937500000005 0.05456944444444439
0 0.3741640625 0.6750972222222222 0.038507812499999974 0.06051388888888896
0 0.3677421875 0.7227222222222223 0.04129687500000001 0.04861111111111111
0 0.9860468750000001 0.8625972222222222 0.0256718750000001 0.07440277777777769
0 0.939453125 0.8005972222222222 0.028460937499999873 0.057541666666666755
0 0.9059687500000001 0.7876944444444445 0.0373906250000001 0.05952777777777764
0 0.8401249999999999 0.7544583333333333 0.044085937499999873 0.0525833333333332
0 0.9860468750000001 0.6999027777777778 0.02789843750000003 0.05852777777777776
0 0.9651249999999999 0.6865138888888889 0.02399218750000003 0.04762499999999995
0 0.9229921875 0.7356111111111111 0.051335937500000026 0.04662499999999991
0 0.8830937499999999 0.6760972222222222 0.0407343749999999 0.06051388888888896
0 0.8872734375 0.5962361111111112 0.024554687499999873 0.04959722222222227
0 0.8565859375 0.6135972222222222 0.0368281249999999 0.05258333333333335
0 0.6520625 0.6294583333333333 0.031804687500000026 0.040680555555555505
0 0.6177421875 0.7142916666666667 0.03236718750000005 0.05555555555555555
0 0.6319765625 0.7648750000000001 0.04408593750000005 0.04563888888888875
0 0.5304140625 0.6423611111111112 0.02846093750000005 0.050597222222222155
0 0.510046875 0.6041666666666666 0.04464062500000008 0.041666666666666664
0 0.509765625 0.5644861111111111 0.03739062499999992 0.041666666666666664
0 0.4416875 0.5882916666666667 0.04185156249999995 0.04959722222222227
0 0.3060859375 0.6006944444444444 0.031804687500000026 0.04662500000000007
0 0.2354921875 0.6701388888888888 0.040179687499999964 0.05456944444444439
0 0.21846875 0.6155694444444444 0.046320312499999995 0.05258333333333335
0 0.154296875 0.5848194444444444 0.04520312500000001 0.04662500000000007
0 0.11077343749999999 0.5992083333333333 0.0474296875 0.04365277777777771
0 0.0714296875 0.5729166666666666 0.035710937500000005 0.034722222222222224