0 0.6423008849557522 0.7329411764705882 0.16014933628318587 0.2532720588235294
0 0.17092920353982302 0.5981764705882353 0.1592920353982301 0.1646617647058824
0 0.8296460176991151 0.6219411764705882 0.15451327433628326 0.1820735294117648
0 0.9124336283185841 0.5991176470588235 0.13709623893805328 0.18249264705882356
0 0.8018141592920355 0.43641176470588233 0.11137168141592928 0.14635294117647057
0 0.3011504424778761 0.4340588235294118 0.10676991150442476 0.17039705882352943
0 0.6023451327433628 0.2371764705882353 0.1338661504424778 0.1338235294117647
0 0.9577433628318583 0.2585294117647059 0.07967920353982298 0.1411985294117647
0 0.8742477876106195 0.26141176470588234 0.08521017699115041 0.1363382352941177
0 0.5280973451327433 0.4274117647058823 0.12771017699115042 0.15929411764705878
0 0.43535398230088496 0.38470588235294123 0.12732300884955755 0.1335882352941177
0 0.5459734513274336 0.3216470588235294 0.10613938053097338 0.09402205882352942