0 0.110578125 0.6373762376237624 0.16346875 0.18945544554455443
0 0.6216875 0.8211138613861386 0.17128125 0.3055940594059407
0 0.49159375 0.6292821782178218 0.16585937499999998 0.19992574257425746
0 0.49309375 0.436980198019802 0.12920312499999992 0.1618316831683168
0 0.220546875 0.5835891089108911 0.11659375000000001 0.13138613861386134
0 0.25570312500000003 0.47648514851485146 0.10637499999999997 0.1380445544554455
0 0.784859375 0.43126237623762376 0.12018749999999993 0.17326732673267325
0 0.9350937500000001 0.6102475247524751 0.10096874999999983 0.15804455445544552
0 0.57871875 0.20705445544554457 0.140625 0.1894554455445545
0 0.5216406250000001 0.2879950495049505 0.11057812499999997 0.09616336633663368
0 0.6811875 0.2722772277227723 0.07271874999999994 0.11044554455445546
0 0.95371875 0.2161138613861386 0.078125 0.18089108910891086
0 0.8647812500000001 0.21752475247524752 0.07571875000000006 0.17232673267326734
0 0.747296875 0.20754950495049504 0.08112499999999993 0.19420792079207916
0 0.406546875 0.19136138613861386 0.12799999999999997 0.07806930693069306
0 0.262015625 0.22467821782178216 0.137015625 0.06853960396039603