0 0.23359375 0.7619833333333333 0.0930078125 0.11059895833333333
0 0.1296875 0.6729166666666667 0.05546875 0.11395833333333333
0 0.06015625 0.6994833333333333 0.0718359375 0.081640625
0 0.06484375 0.7890666666666667 0.0962890625 0.08486979166666667
0 0.30039375 0.7135416666666666 0.0795703125 0.10739583333333333
0 0.1856625 0.8723749999999999 0.073828125 0.08659791666666668
0 0.09880625 0.88685 0.09880859375 0.09412291666666657
0 0.28419374999999997 0.8793333333333334 0.10012499999999996 0.0724333333333333
0 0.2246875 0.9520833333333333 0.124375 0.09583333333333334
0 0.49789375 0.810625 0.10434921875 0.07579062500000001
0 0.363625 0.8716416666666666 0.10761796875000001 0.07749062499999998
0 0.44003749999999997 0.9102999999999999 0.08124062500000008 0.15779583333333336
0 0.55945625 0.82455 0.0813851562500001 0.07283229166666681
0 0.36238750000000003 0.6413166666666666 0.0635609375 0.08442291666666676
0 0.48607500000000003 0.7030666666666666 0.10193125000000008 0.09582291666666663
0 0.5446124999999999 0.7169916666666667 0.09169374999999988 0.07894895833333351
0 0.69564375 0.7970666666666667 0.10628593750000022 0.0954791666666667
0 0.7752125 0.7879 0.07674062500000019 0.11785208333333344
0 0.6574437500000001 0.7367833333333333 0.07109531250000004 0.10148541666666669
0 0.621575 0.7241416666666667 0.07183437499999996 0.09829583333333328
0 0.58130625 0.6449833333333334 0.059898437499999915 0.06841666666666658
0 0.849425 0.7138749999999999 0.08642656250000016 0.09845416666666665
0 0.6659625 0.6283083333333334 0.07671562499999993 0.06985833333333327
0 0.51259375 0.6600083333333333 0.04480312500000011 0.03477291666666664
0 0.8061375 0.6222583333333334 0.0688796875 0.05935520833333328
0 0.3230875 0.5988083333333334 0.04995625000000004 0.07415624999999997
0 0.36088125 0.5823166666666666 0.07005468749999992 0.04683854166666663
0 0.19019375 0.5075583333333333 0.03297031249999996 0.06307499999999985
0 0.10458125000000001 0.4174083333333333 0.048715625 0.05814583333333336
0 0.09193749999999999 0.49399999999999994 0.07640078125 0.05412187499999997
0 0.10100625 0.5628916666666667 0.0732828125 0.058834374999999946
0 0.0325 0.62375 0.065 0.06416666666666666
0 0.577725 0.5661833333333333 0.07448437499999998 0.057308333333333315