0 0.439453125 0.7829577464788733 0.3658906249999999 0.4078638497652582
0 0.752921875 0.8245305164319249 0.216796875 0.330586854460094
0 0.9095000000000001 0.69981220657277 0.1809843749999999 0.3276525821596245
0 0.9359375 0.5011737089201878 0.128125 0.2323943661971831
0 0.9466093750000001 0.37265258215962443 0.10676562499999989 0.2093192488262911
0 0.059250000000000004 0.8088732394366197 0.11848437500000002 0.3657981220657278
0 0.48046875 0.6010328638497653 0.12760937499999994 0.227887323943662
0 0.592765625 0.5883098591549296 0.095703125 0.22201877934272304
0 0.775390625 0.5985915492957746 0.1640625 0.31690140845070425
0 0.22754687499999998 0.5144835680751173 0.14909375000000002 0.2582159624413145
0 0.13639062500000002 0.488075117370892 0.15299999999999997 0.21321596244131452
0 0.065421875 0.4274178403755869 0.08007812500000001 0.1936619718309859
0 0.03515625 0.3046713615023474 0.059890624999999996 0.11248826291079816
0 0.276359375 0.3442957746478873 0.126953125 0.18779342723004694
0 0.53059375 0.37753521126760564 0.11067187500000006 0.1799765258215963
0 0.70475 0.3961267605633803 0.07096874999999994 0.15845070422535212