0 0.87265625 0.8572916666666667 0.0703125 0.11041666666666666
0 0.7621125000000001 0.8109416666666668 0.06328125 0.11354166666666676
0 0.621875 0.8645833333333334 0.065625 0.07083333333333333
0 0.42421875 0.828125 0.0546875 0.08125
0 0.3746125 0.6833333333333333 0.03828125 0.058333333333333334
0 0.27773749999999997 0.8119833333333333 0.07265625 0.07395833333333333
0 0.20859375 0.8291666666666667 0.0484375 0.06666666666666667
0 0.66328125 0.759375 0.071875 0.06875
0 0.9413750000000001 0.8709083333333333 0.05805000000000007 0.06203333333333338
0 0.9817 0.8497666666666667 0.036599999999999966 0.04610833333333327
0 0.9351999999999999 0.7213166666666667 0.0481687500000001 0.05489166666666676
0 0.8250687499999999 0.705125 0.06751875000000013 0.04665833333333334
0 0.8689125 0.7907583333333333 0.07122500000000002 0.07081666666666668
0 0.87529375 0.6966166666666667 0.042818750000000134 0.05599166666666671
0 0.8398875 0.65325 0.041168749999999935 0.05270000000000001
0 0.8248624999999999 0.6710916666666666 0.04075625000000002 0.044466666666666585
0 0.6929062500000001 0.6960666666666666 0.046937499999999945 0.054891666666666575
0 0.5590999999999999 0.8426333333333335 0.05846249999999998 0.11527500000000003
0 0.44073749999999995 0.7479416666666666 0.04652500000000003 0.05764166666666673
0 0.3001375 0.7353166666666666 0.06011250000000004 0.08289166666666668
0 0.34521875 0.7537083333333334 0.03746875000000003 0.10869166666666671
0 0.3466625 0.6543416666666667 0.07081249999999997 0.048308333333333356
0 0.42076875 0.6288166666666667 0.05269999999999996 0.047758333333333285
0 0.4055375 0.6461083333333334 0.028818749999999938 0.05160000000000006
0 0.48499375 0.6436416666666667 0.06258125000000007 0.05764166666666673
0 0.510725 0.6817916666666667 0.07204999999999999 0.05709166666666666
0 0.5364562500000001 0.7493166666666666 0.06504999999999996 0.049408333333333304
0 0.6258 0.7191166666666667 0.041168749999999935 0.04391666666666671
0 0.2431125 0.63815 0.0654625 0.0774000000000001
0 0.21779375 0.6194833333333333 0.061756249999999964 0.0773999999999999