0 0.28402499999999997 0.9087999999999999 0.10416249999999998 0.125
0 0.40521250000000003 0.9462999999999999 0.12152500000000004 0.10740000000000009
0 0.4375 0.90185 0.13055000000000005 0.11851666666666659
0 0.6302125 0.9416666666666667 0.08402499999999996 0.09445000000000012
0 0.552775 0.8976833333333334 0.10277500000000003 0.1435166666666666
0 0.6392375 0.8717666666666666 0.10625 0.1064833333333334
0 0.7243 0.8208333333333333 0.09861250000000013 0.13054999999999997
0 0.7673625 0.7162000000000001 0.08472499999999997 0.1138833333333334
0 0.6951375 0.6972166666666666 0.0625 0.09814999999999997
0 0.609375 0.7152833333333334 0.06041250000000005 0.11203333333333337
0 0.3767375 0.7773166666666667 0.08680000000000007 0.1064833333333333
0 0.246875 0.7578666666666667 0.059025000000000036 0.12685000000000002