0 0.39703906250000004 0.8110138888888888 0.096875 0.14213715277777794
0 0.52371875 0.8660694444444446 0.08384570312499999 0.24613194444444433
0 0.685265625 0.8938472222222222 0.081306640625 0.20123958333333355
0 0.8621640625 0.8953333333333333 0.10837109374999976 0.2067951388888891
0 0.1548515625 0.797125 0.13744335937499996 0.12207291666666688
0 0.2901796875 0.7857083333333333 0.0944052734375 0.1221475694444444
0 0.43359375 0.6944444444444444 0.06587597656249997 0.10892881944444449
0 0.5694765625 0.6582361111111111 0.0671875 0.09166666666666666
0 0.665734375 0.6165694444444445 0.079630859375 0.10689583333333338
0 0.7173515625 0.7137916666666666 0.10620800781249998 0.2085572916666666
0 0.8387265625 0.7162638888888889 0.10242773437499997 0.19186458333333323
0 0.6303046875 0.5510972222222222 0.06019824218750003 0.07251909722222223
0 0.53878125 0.5406805555555556 0.05228710937500001 0.09320486111111105
0 0.6244453125 0.47866666666666663 0.04624707031249997 0.07777777777777778
0 0.5825859375 0.4702361111111111 0.035880859375000004 0.035315972222222235