0 0.23359375 0.7619833333333333 0.0859375 0.09895833333333333
0 0.1296875 0.6729166666666667 0.046875 0.10833333333333334
0 0.06015625 0.6994833333333333 0.0671875 0.07395833333333333
0 0.06484375 0.7890666666666667 0.0953125 0.08229166666666667
0 0.30039375 0.7135416666666666 0.07265625 0.09791666666666667
0 0.1856625 0.8723749999999999 0.0684375 0.0780583333333334
0 0.09880625 0.88685 0.09921875 0.0938166666666666
0 0.28419374999999997 0.8793333333333334 0.09675000000000004 0.05973333333333329
0 0.2249625 0.95245 0.12340624999999995 0.09308333333333318
0 0.49789375 0.810625 0.10416875000000005 0.0754916666666666
0 0.363625 0.8716416666666666 0.10719374999999999 0.07659166666666664
0 0.44003749999999997 0.9102999999999999 0.06871250000000004 0.14951666666666671
0 0.55945625 0.82455 0.08108125000000001 0.07182500000000004
0 0.36238750000000003 0.6413166666666666 0.057993749999999976 0.07769166666666669
0 0.48607500000000003 0.7030666666666666 0.09647500000000007 0.08245833333333337
0 0.5446124999999999 0.7169916666666667 0.09042500000000003 0.07659166666666674
0 0.69564375 0.7970666666666667 0.10389375 0.08941666666666663
0 0.7752125 0.7879 0.07008749999999991 0.11140833333333337
0 0.6574437500000001 0.7367833333333333 0.06376249999999999 0.09271666666666666
0 0.621575 0.7241416666666667 0.06733749999999994 0.09234999999999995
0 0.58130625 0.6449833333333334 0.057718749999999944 0.06450000000000007
0 0.849425 0.7138749999999999 0.08383125000000007 0.0938166666666666
0 0.6659625 0.6283083333333334 0.07311250000000001 0.06193333333333328
0 0.51259375 0.6600083333333333 0.04342500000000001 0.031516666666666616
0 0.8061375 0.6222583333333334 0.06541249999999992 0.049841666666666624
0 0.3230875 0.5988083333333334 0.049200000000000015 0.0732916666666667
0 0.36088125 0.5823166666666666 0.06981250000000003 0.04470833333333341
0 0.19019375 0.5075583333333333 0.03188124999999999 0.062299999999999994
0 0.10458125000000001 0.4174083333333333 0.04535 0.05350000000000004
0 0.09193749999999999 0.49399999999999994 0.07558125 0.05130833333333328
0 0.10100625 0.5628916666666667 0.07063749999999999 0.049841666666666624
0 0.03229375 0.6240916666666666 0.0645875 0.05936666666666667
0 0.577725 0.5661833333333333 0.07231250000000003 0.049233333333333275