0 0.31133125 0.8739583333333333 0.16015625 0.22708333333333333
0 0.73945625 0.88125 0.16015625 0.2375
0 0.88984375 0.9145833333333333 0.1921875 0.17083333333333334
0 0.8769562500000001 0.7677083333333333 0.18671875 0.12708333333333333
0 0.9199250000000001 0.6625 0.10703125 0.14166666666666666
0 0.8011750000000001 0.6083333333333333 0.09921875 0.0875
0 0.7808625 0.6703166666666667 0.10859375 0.103125
0 0.72265625 0.7385416666666667 0.1265625 0.09375
0 0.61015625 0.7322916666666667 0.0953125 0.15208333333333332
0 0.6941437500000001 0.6354166666666666 0.06640625 0.0875
0 0.52851875 0.7453166666666666 0.08515625 0.08645833333333333
0 0.55078125 0.8489583333333334 0.1078125 0.11875
0 0.43008124999999997 0.7401083333333334 0.08984375 0.11770833333333333
0 0.14414375 0.8270833333333333 0.19765625 0.22083333333333333
0 0.1902375 0.7333333333333333 0.14453125 0.08333333333333333
0 0.144925 0.6302083333333334 0.07109375 0.11041666666666666
0 0.0640625 0.6724 0.121875 0.090625
0 0.0496125 0.5849 0.09140625 0.090625
0 0.24414375 0.5447916666666667 0.07109375 0.06875
0 0.06758125 0.5208333333333334 0.12265625 0.07916666666666666
0 0.388675 0.5109416666666666 0.07109375 0.121875
0 0.49101875 0.42604166666666665 0.07421875 0.12291666666666666
0 0.4089875 0.6364583333333333 0.13671875 0.07708333333333334
0 0.4703125 0.59375 0.08125 0.0875
0 0.5453125 0.615625 0.08125 0.13541666666666666
0 0.73164375 0.5208333333333334 0.07578125 0.1125
0 0.31601875 0.490625 0.06328125 0.06458333333333334
0 0.24101875 0.488025 0.06328125 0.06770833333333333
0 0.3839875 0.43594166666666667 0.05078125 0.06354166666666666
0 0.9293 0.5609416666666667 0.09453125 0.071875
0 0.8109375 0.481775 0.0625 0.096875
0 0.1203125 0.41823333333333335 0.06875 0.06979166666666667
0 0.503125 0.519275 0.09375 0.071875