0 0.4143088235294118 0.8976256983240224 0.056000000000000064 0.0934636871508381
0 0.4677647058823529 0.9008379888268156 0.039588235294117584 0.08701117318435748
0 0.475 0.973463687150838 0.05 0.05307262569832402
0 0.2881764705882353 0.9738826815642457 0.07408823529411764 0.04835195530726242
0 0.32183823529411765 0.9180167597765363 0.05995588235294115 0.07843575418994425
0 0.17647058823529413 0.914804469273743 0.06108823529411766 0.12784916201117313
0 0.2604705882352941 0.6967039106145251 0.040161764705882355 0.0827374301675977
0 0.3803676470588235 0.5828212290502793 0.03902941176470587 0.07843575418994408
0 0.3967794117647059 0.706927374301676 0.046941176470588215 0.047262569832402276
0 0.6286764705882353 0.6693296089385475 0.04016176470588227 0.06662011173184364
0 0.6544117647058824 0.9481005586592179 0.062220588235294035 0.09561452513966485
0 0.8057058823529412 0.9550837988826816 0.05938235294117663 0.08810055865921777
0 0.754235294117647 0.9389664804469273 0.042426470588235246 0.10312849162011162
0 0.8574705882352942 0.9389664804469273 0.03845588235294131 0.08594972067039101
0 0.6889117647058823 0.8798882681564246 0.04298529411764709 0.11388268156424576
0 0.5376176470588235 0.8960055865921788 0.041294117647058884 0.1052793296089387
0 0.5585441176470588 0.6875698324022347 0.0356323529411765 0.047262569832402276
0 0.5871029411764707 0.725195530726257 0.040720588235294196 0.040837988826815656
0 0.7446323529411765 0.7359217877094971 0.043558823529411685 0.07089385474860334
0 0.7893088235294118 0.7337709497206704 0.04129411764705872 0.05801675977653626
0 0.8331470588235294 0.7386033519553074 0.05091176470588219 0.056927374301675965
0 0.9123235294117646 0.7101396648044693 0.05091176470588219 0.07089385474860342