0 0.3211805555555556 0.8859259259259259 0.16666666666666666 0.22814814814814816
0 0.5555555555555556 0.8837925925925925 0.12586805555555555 0.23239999999999983
0 0.6692187500000001 0.8893481481481481 0.0960329861111112 0.2009333333333335
0 0.7874913194444445 0.8467555555555555 0.16656250000000009 0.2861185185185186
0 0.9375 0.8977777777777778 0.125 0.1925925925925926
0 0.9054947916666668 0.6791703703703703 0.1052517361111111 0.14352592592592592
0 0.8360503472222223 0.6050962962962962 0.087890625 0.18054814814814815
0 0.8428298611111111 0.4444444444444444 0.08409722222222232 0.1
0 0.888671875 0.39814814814814814 0.0954861111111111 0.1037037037037037
0 0.8978993055555556 0.33056296296296295 0.09874131944444445 0.05740740740740741
0 0.8327951388888889 0.2939851851851852 0.087890625 0.09167407407407406
0 0.40337673611111113 0.7106518518518519 0.1253298611111111 0.16574814814814814
0 0.32253472222222224 0.7532444444444445 0.14594618055555555 0.1250074074074074
0 0.171171875 0.7972296296296296 0.14160590277777776 0.23148148148148148
0 0.10144965277777779 0.7240740740740741 0.146484375 0.1037037037037037
0 0.08192708333333333 0.6013925925925926 0.11393229166666667 0.13241481481481482
0 0.2124045138888889 0.565274074074074 0.12207465277777778 0.1750074074074074
0 0.7044791666666667 0.3013925925925926 0.07433159722222232 0.09537777777777777
0 0.4546440972222222 0.6129629629629629 0.12152777777777778 0.1111111111111111
0 0.3081597222222222 0.6300888888888889 0.09765625 0.14167407407407406
0 0.40282986111111113 0.5199111111111111 0.09603298611111111 0.1287111111111111
0 0.7666059027777777 0.18102222222222222 0.05750868055555555 0.09908148148148148
0 0.9600173611111111 0.18426666666666666 0.06456597222222232 0.07962962962962963
0 0.8699565972222223 0.24213333333333334 0.053715277777777876 0.09908148148148148
0 0.6996006944444445 0.4185185185185185 0.13401041666666677 0.12222222222222222
0 0.6719270833333333 0.4638962962962963 0.10362847222222232 0.13518518518518519
0 0.4456944444444445 0.3347259259259259 0.11230902777777782 0.10647407407407408
0 0.38763888888888887 0.3791703703703704 0.078671875 0.15091851851851854
0 0.8949131944444445 0.5421333333333334 0.06022569444444454 0.12130370370370369
0 0.9524739583333334 0.4888888888888889 0.09505208333333333 0.07407407407407407