0 0.6308428571428571 0.8416210526315789 0.05853928571428582 0.12210526315789473
0 0.7337714285714285 0.878 0.1013964285714286 0.13066842105263157
0 0.8090857142857143 0.7885263157894737 0.0869142857142856 0.10655263157894751
0 0.8840857142857143 0.7502315789473685 0.07756428571428549 0.0731105263157894
0 0.8655857142857143 0.8784631578947368 0.1112321428571428 0.08650526315789481
0 0.40454285714285715 0.8473684210526315 0.07675357142857155 0.1031105263157894
0 0.31688571428571427 0.8904210526315789 0.07389642857142852 0.10143684210526317
0 0.2103857142857143 0.8842105263157894 0.06973928571428571 0.15100526315789467
0 0.10032857142857143 0.9057473684210526 0.10282499999999999 0.16588421052631594
0 0.11364285714285714 0.7210526315789474 0.058912500000000007 0.09942631578947361
0 0.06038571428571429 0.7574105263157894 0.06563392857142858 0.0752868421052632
0 0.11492857142857144 0.7918736842105263 0.0818339285714286 0.05423421052631583
0 0.23864285714285716 0.7923368421052632 0.05188214285714285 0.11205789473684202
0 0.4577857142857143 0.6956842105263158 0.044057142857142906 0.09459473684210527
0 0.7849428571428572 0.6684421052631578 0.057996428571428366 0.09093684210526302
0 0.3656857142857143 0.6690315789473684 0.0572910714285715 0.09061315789473706
0 0.20972857142857143 0.7041052631578947 0.06740000000000002 0.08567368421052642
0 0.2865142857142857 0.7140421052631579 0.04865000000000001 0.06333157894736863
0 0.4972285714285714 0.5865684210526316 0.039623214285714345 0.09415263157894731