0 0.307425 0.8744833333333334 0.15859375 0.22395833333333334
0 0.14453125 0.8380250000000001 0.2015625 0.23020833333333343
0 0.54883125 0.8479166666666667 0.11015625 0.125
0 0.73945625 0.8833333333333333 0.16640625 0.23333333333333334
0 0.8925812500000001 0.9125 0.19921875 0.175
0 0.876175 0.7724 0.19296875 0.13229166666666667
0 0.9199250000000001 0.6604166666666667 0.10703125 0.14166666666666666
0 0.8015625 0.6125 0.10625 0.09583333333333334
0 0.778125 0.6739583333333333 0.10625 0.11458333333333333
0 0.61171875 0.7328166666666667 0.1015625 0.14895833333333333
0 0.53203125 0.7458333333333333 0.0921875 0.09166666666666666
0 0.4277375 0.74115 0.09140625 0.115625
0 0.188675 0.7359416666666667 0.15859375 0.07604166666666666
0 0.14258125 0.6349 0.08515625 0.12395833333333334
0 0.4078125 0.6390666666666667 0.140625 0.090625
0 0.7347687500000001 0.521875 0.09140625 0.11458333333333333
0 0.2464875 0.5474 0.08046875 0.06979166666666667
0 0.3902375 0.5046916666666666 0.08671875 0.109375
0 0.49140625 0.4244833333333333 0.0828125 0.12395833333333334
0 0.50234375 0.5166666666666667 0.1015625 0.075
0 0.55234375 0.4479166666666667 0.0921875 0.1
0 0.315625 0.48854166666666665 0.0671875 0.06875
0 0.54541875 0.6184499999999999 0.09323125000000004 0.1429583333333333
0 0.6112625 0.5496916666666667 0.11304374999999993 0.06915000000000002
0 0.811425 0.47626666666666667 0.06001875000000013 0.09168333333333333