0 0.5150125 0.9497333333333334 0.06826875000000002 0.09274166666666664
0 0.54420625 0.8578500000000001 0.06053749999999994 0.07384999999999992
0 0.41346875 0.8904833333333333 0.06440624999999997 0.055533333333333226
0 0.2969 0.92225 0.05968124999999997 0.07213333333333329
0 0.295825 0.8506916666666666 0.05238125000000004 0.06640833333333328
0 0.35615 0.8575666666666666 0.07771249999999999 0.08472500000000006
0 0.43579375 0.8232166666666666 0.07298749999999998 0.08472499999999997
0 0.47744375 0.8186333333333333 0.05323750000000004 0.06640833333333337
0 0.65154375 0.8469749999999999 0.059681249999999936 0.08414999999999992
0 0.7445 0.8398166666666667 0.0566749999999999 0.05610000000000004
0 0.8606437499999999 0.85155 0.061399999999999864 0.061258333333333324
0 0.67258125 0.9548833333333332 0.06397500000000007 0.07327499999999987
0 0.8123375 0.9445833333333333 0.07384999999999992 0.0824333333333334
0 0.8527 0.7868666666666667 0.053237499999999896 0.062400000000000094
0 0.703925 0.7261833333333333 0.042506250000000134 0.0738500000000001
0 0.91624375 0.8212083333333333 0.06182500000000005 0.050950000000000085
0 0.973125 0.8020833333333334 0.05375 0.0475
0 0.96218125 0.9042166666666667 0.055818749999999966 0.08644166666666668
0 0.7453562499999999 0.7774166666666666 0.04465000000000004 0.05037500000000004
0 0.8001 0.7685416666666667 0.05881875000000008 0.04179166666666674
0 0.9392125 0.7442166666666666 0.051949999999999934 0.06411666666666671
0 0.43923124999999996 0.6697916666666667 0.03692499999999996 0.0526666666666667
0 0.387275 0.7090083333333332 0.041218750000000026 0.048658333333333414
0 0.32136875000000004 0.7379166666666667 0.04594374999999999 0.05839166666666661
0 0.36988750000000004 0.6551916666666667 0.05023749999999993 0.03491666666666674
0 0.50491875 0.7490833333333333 0.04293750000000003 0.06469166666666656
0 0.41969375 0.7307583333333333 0.0407875 0.04636666666666675
0 0.4598375 0.7382000000000001 0.04723124999999996 0.068125
0 0.55945 0.7384916666666667 0.05238124999999996 0.0526666666666667
0 0.62814375 0.8060416666666667 0.05409999999999997 0.06411666666666671
0 0.6873937499999999 0.798025 0.0455125000000001 0.05725000000000004