0 0.462109375 0.8098958333333334 0.08046875 0.128125
0 0.658984375 0.921875 0.08515625 0.15208333333333332
0 0.623046875 0.84375 0.06171875 0.10416666666666667
0 0.757421875 0.7838541666666666 0.11640625 0.121875
0 0.963671875 0.8270833333333333 0.07265625 0.12083333333333333
0 0.25703125 0.8260416666666667 0.0578125 0.13125
0 0.21328125 0.9411458333333333 0.1046875 0.11145833333333334
0 0.1234375 0.9197916666666667 0.078125 0.16041666666666668
0 0.05546875 0.8854166666666666 0.0921875 0.12916666666666668
0 0.207421875 0.7197916666666667 0.06484375 0.09375
0 0.355078125 0.6145833333333334 0.05078125 0.06666666666666667
0 0.384765625 0.6760416666666667 0.08671875 0.07708333333333334
0 0.412890625 0.5869791666666667 0.05390625 0.053125
0 0.4375 0.6286458333333333 0.05625 0.06770833333333333
0 0.610546875 0.6744791666666666 0.06015625 0.115625
0 0.5640625 0.6979166666666666 0.04375 0.1125
0 0.515625 0.6848958333333334 0.065625 0.06979166666666667
0 0.73671875 0.6927083333333334 0.0703125 0.07291666666666667
0 0.86875 0.6036458333333333 0.065625 0.115625
0 0.92421875 0.6416666666666667 0.0546875 0.07083333333333333
0 0.10078125 0.740625 0.0640625 0.08125
0 0.01953125 0.753125 0.0390625 0.13125
0 0.062890625 0.6588541666666666 0.08203125 0.06770833333333333
0 0.133984375 0.6979166666666666 0.07890625 0.07083333333333333
0 0.4875 0.5161458333333333 0.04375 0.06145833333333333
0 0.240234375 0.6354166666666666 0.04140625 0.07083333333333333