0 0.6423008849557522 0.7329411764705882 0.1667865044247788 0.2547426470588235
0 0.17092920353982302 0.5981764705882353 0.15597345132743362 0.1573308823529412
0 0.8296460176991151 0.6219411764705882 0.16243362831858424 0.19397794117647071
0 0.9124336283185841 0.5991176470588235 0.13156526548672587 0.17513970588235298
0 0.8018141592920355 0.43641176470588233 0.11597345132743354 0.15185294117647058
0 0.3011504424778761 0.4340588235294118 0.11672566371681414 0.18216176470588236
0 0.6023451327433628 0.2371764705882353 0.13277654867256633 0.125
0 0.9577433628318583 0.2585294117647059 0.07967920353982298 0.1411985294117647
0 0.8742477876106195 0.26141176470588234 0.08519358407079657 0.13728676470588239
0 0.5280973451327433 0.4274117647058823 0.12771017699115042 0.1607647058823529
0 0.43535398230088496 0.38470588235294123 0.1283738938053098 0.13517647058823537
0 0.5459734513274336 0.3216470588235294 0.10608407079646015 0.0939264705882353