0 0.22135253906249996 0.869140625 0.15283203125 0.14957682291666666
0 0.3206396484375 0.8208528645833333 0.07430053710937501 0.11702473958333333
0 0.6990576171875 0.7693164062500001 0.1132611083984374 0.1315372721354168
0 0.914306640625 0.7666015625 0.0979815673828126 0.10639078776041681
0 0.7645654296875 0.888671875 0.1182861328125 0.10259277343749999
0 0.5830908203125 0.9049479166666666 0.0919189453125 0.10297281901041681
0 0.878720703125 0.6220703125 0.09434814453124996 0.07608642578125006
0 0.869560546875 0.5602473958333333 0.07329956054687492 0.06821289062500006
0 0.9203173828125 0.5421809895833333 0.07902954101562498 0.0821565755208334
0 0.7852197265625 0.5322591145833333 0.08003662109374998 0.05660481770833329
0 0.829296875 0.49816406249999995 0.06676452636718744 0.04704508463541653
0 0.827392578125 0.44702473958333333 0.03959472656250007 0.05469319661458346
0 0.6106201171875 0.70017578125 0.09519714355468767 0.06556477864583332
0 0.5241796875 0.7808333333333333 0.07848754882812492 0.08145507812500015
0 0.1984521484375 0.6838932291666667 0.08347412109375002 0.05011555989583331
0 0.45625 0.6340299479166667 0.06008300781249998 0.08081868489583337
0 0.5144482421875 0.5505729166666666 0.06900390625000002 0.05861735026041659
0 0.51673828125 0.5981510416666667 0.08532409667968749 0.04153401692708325
0 0.5142578125 0.633515625 0.06728759765624998 0.05710449218749991
0 0.646494140625 0.64064453125 0.07809143066406254 0.05206054687500009
0 0.60794921875 0.6574348958333334 0.08204711914062512 0.052047526041666625
0 0.5264697265625 0.7197721354166666 0.08996520996093743 0.06381754557291656
0 0.4419384765625 0.8874348958333332 0.1007135009765624 0.08003092447916653
0 0.4554833984375 0.8312044270833333 0.12005737304687492 0.05859375
0 0.51578125 0.8762434895833334 0.05910217285156244 0.11130371093750006