0 0.24852 0.9326868327402135 0.06570333333333338 0.10142348754448399
0 0.08704 0.7339857651245552 0.08425999999999999 0.12687722419928837
0 0.030666666666666665 0.858540925266904 0.06133333333333333 0.16903914590747332
0 0.19222666666666666 0.7670996441281139 0.07733333333333334 0.09657918149466198
0 0.2707466666666667 0.7705693950177936 0.07770333333333337 0.09638345195729521
0 0.2803733333333333 0.6148754448398577 0.061593333333333326 0.07463523131672607
0 0.4062933333333334 0.8966014234875445 0.10027833333333334 0.09603647686832745
0 0.51592 0.9445373665480428 0.10262999999999996 0.10266014234875444
0 0.84296 0.8293772241992883 0.08833333333333333 0.1169439501779359
0 0.61556 0.7280604982206406 0.06418666666666664 0.08219750889679724
0 0.6533333333333333 0.8140569395017794 0.08770333333333345 0.11872330960854087
0 0.40741333333333335 0.7843950177935943 0.07726000000000006 0.11017348754448382
0 0.43518666666666667 0.6825800711743772 0.12255499999999998 0.094799822064057
0 0.40814666666666666 0.6361209964412812 0.10174000000000008 0.0833340747330961
0 0.37481333333333333 0.5758185053380783 0.08133333333333333 0.08679270462633458
0 0.51148 0.6301957295373666 0.08429666666666663 0.10708185053380774
0 0.45110666666666666 0.5234341637010677 0.0630933333333334 0.09309608540925275
0 0.43592 0.4393950177935943 0.04288999999999987 0.05357651245551604
0 0.15777333333333332 0.5654448398576511 0.07470333333333334 0.08140569395017794
0 0.052586666666666664 0.5842170818505338 0.08985333333333331 0.08056494661921713
0 0.8992533333333335 0.563950177935943 0.07825999999999991 0.07181494661921711
0 0.6540799999999999 0.48734875444839854 0.06933333333333333 0.0636610320284698
0 0.7037066666666666 0.4695551601423487 0.05462999999999988 0.06410587188612105
0 0.31 0.41419928825622776 0.05477666666666664 0.08521352313167267
0 0.22 0.47153024911032027 0.05803666666666671 0.06791370106761568
0 0.14222666666666667 0.4893238434163701 0.04777666666666668 0.09208185053380782
0 0.47741333333333336 0.28717081850533804 0.053760000000000065 0.046263345195729534
0 0.4237066666666666 0.33708185053380785 0.07338833333333332 0.05800266903914585
0 0.23777333333333334 0.34252669039145905 0.0412966666666667 0.0728047153024911
0 0.23037333333333335 0.27282918149466195 0.033388333333333395 0.0510831850533807