0 0.3921875 0.6552083333333333 0.078125 0.12291666666666666
0 0.494925 0.6838583333333333 0.11015625 0.08020833333333334
0 0.5964875000000001 0.709375 0.13203125000000007 0.08958333333333333
0 0.646875 0.9197916666666667 0.1625 0.14375
0 0.77578125 0.9020833333333333 0.1640625 0.125
0 0.515625 0.9125 0.134375 0.15416666666666667
0 0.325 0.9010416666666666 0.134375 0.11875
0 0.16055 0.88125 0.10703125 0.14583333333333334
0 0.075 0.8390666666666667 0.1125 0.12395833333333343
0 0.0433625 0.5947916666666667 0.04453125 0.08541666666666667
0 0.10195625 0.7114583333333333 0.08671875 0.07291666666666667
0 0.15351875 0.7572916666666667 0.12734375 0.07291666666666667
0 0.321875 0.7041666666666667 0.1125 0.07916666666666666
0 0.4375 0.8182333333333335 0.115625 0.10729166666666676
0 0.3418 0.7979166666666667 0.07578125 0.10416666666666667
0 0.7480500000000001 0.7166666666666667 0.14453125 0.1
0 0.77109375 0.8104166666666667 0.1515625 0.0875
0 0.8816437500000001 0.6427083333333333 0.11484375 0.09375
0 0.757425 0.625 0.13359375 0.0875
0 0.52265625 0.5932333333333333 0.1328125 0.090625
0 0.93125 0.5421916666666666 0.1078125 0.07604166666666666
0 0.87109375 0.515625 0.0546875 0.06875
0 0.7527375000000001 0.475 0.07109375 0.06666666666666667
0 0.6230500000000001 0.42031666666666667 0.04921875000000007 0.10729166666666666
0 0.20546875 0.6989583333333333 0.0859375 0.08125
0 0.06875 0.5072916666666667 0.053125 0.08541666666666667
0 0.17578125 0.46615 0.0765625 0.08229166666666667
0 0.640625 0.5145833333333333 0.059375 0.07083333333333333
0 0.5714875 0.5171916666666667 0.05078125 0.06354166666666666
0 0.52070625 0.5364583333333334 0.06171875 0.052083333333333336