0 0.2124 0.9209333333333333 0.15785833333333335 0.15321666666666678
0 0.37333333333333335 0.9433333333333334 0.17333333333333334 0.11333333333333333
0 0.4904666666666666 0.8352666666666667 0.12689999999999999 0.08048333333333346
0 0.6762 0.9433333333333334 0.11523333333333331 0.0888166666666666
0 0.7952666666666668 0.8204666666666666 0.12797500000000003 0.145
0 0.8571333333333333 0.7152666666666667 0.11464166666666652 0.11869166666666672
0 0.7586 0.6995333333333333 0.08784999999999987 0.10856666666666664
0 0.6471333333333333 0.7219333333333334 0.0788166666666666 0.11951666666666654
0 0.6871333333333333 0.8624 0.1484499999999999 0.09380833333333319
0 0.33286666666666664 0.7771333333333333 0.1353583333333333 0.1065500000000001
0 0.5142666666666666 0.7437999999999999 0.07952500000000005 0.10059166666666669
0 0.4771333333333333 0.6086 0.06702500000000006 0.08821666666666658