0 0.73536 0.5323866666666667 0.065 0.06302333333333339
0 0.81679 0.51476 0.07 0.10633333333333334
0 0.69857 0.48428 0.04321499999999992 0.04914333333333328
0 0.5875 0.5014266666666667 0.060964999999999915 0.061570000000000014
0 0.5067900000000001 0.4676133333333333 0.06228624999999994 0.06935666666666672
0 0.34036 0.42951999999999996 0.03332124999999996 0.07495166666666667
0 0.2425 0.48142666666666667 0.04271375 0.07326166666666677
0 0.16429 0.5414266666666666 0.04817749999999995 0.05823666666666668
0 0.16786 0.44952 0.03814249999999998 0.06914333333333328
0 0.40893 0.38094666666666666 0.04207249999999999 0.043856666666666724
0 0.6028600000000001 0.46572 0.03578624999999988 0.06402333333333339
0 0.6425 0.46142666666666665 0.04271374999999989 0.05611833333333334
0 0.61893 0.38905333333333336 0.05980374999999981 0.061285000000000006
0 0.2725 0.32666666666666666 0.038715000000000034 0.03937999999999996
0 0.24536000000000002 0.36 0.04389250000000004 0.04314333333333328
0 0.20286 0.4009466666666666 0.040017499999999984 0.05492833333333343