0 0.516015625 0.9291666666666667 0.17578125 0.14166666666666666
0 0.6392265625 0.8913749999999999 0.12778906249999994 0.1636944444444443
0 0.9361015625 0.8978194444444444 0.1266718749999999 0.20436111111111124
0 0.43219531250000004 0.8293611111111111 0.11328125 0.17063888888888876
0 0.5301328125 0.8288749999999999 0.08705468750000005 0.22123611111111105
0 0.6727109375 0.7673611111111112 0.08649218750000003 0.22519444444444434
0 0.830078125 0.6215277777777778 0.08091406250000004 0.11606944444444435
0 0.75390625 0.7420694444444444 0.12388281250000004 0.18651388888888884
0 0.38336718750000004 0.7415694444444444 0.08593750000000004 0.17758333333333326
0 0.2723203125 0.7509861111111111 0.11160937500000001 0.14484722222222218
0 0.503625 0.6071388888888889 0.07198437500000007 0.09920833333333343
0 0.6021171875 0.7331388888888889 0.05245312500000008 0.11309722222222231
0 0.7815312500000001 0.5555555555555556 0.06640625000000008 0.06348611111111116
0 0.8175234375 0.5749027777777778 0.05692187500000001 0.06647222222222224