0 0.5506944444444445 0.8119791666666667 0.13472222222222222 0.078125
0 0.18958333333333333 0.9640625 0.12083333333333333 0.06979166666666667
0 0.22916666666666666 0.8776041666666666 0.10833333333333334 0.09270833333333334
0 0.7118055555555556 0.9078125 0.15694444444444444 0.06979166666666667
0 0.5052777777777778 0.96565625 0.1322222222222223 0.06868750000000005
0 0.3695833333333334 0.8478020833333333 0.08969444444444447 0.09510416666666661
0 0.2489722222222222 0.83359375 0.16701388888888888 0.0713229166666667
0 0.45463888888888887 0.83040625 0.10205555555555558 0.04407291666666661
0 0.5733194444444445 0.8892708333333333 0.11829166666666661 0.06901041666666667
0 0.6463888888888889 0.8576666666666667 0.1515416666666666 0.047552083333333425
0 0.9197083333333335 0.8579583333333333 0.11674999999999992 0.057406249999999895
0 0.46894444444444444 0.7411041666666667 0.12138888888888885 0.05798958333333341
0 0.37963888888888886 0.7361770833333333 0.06340277777777775 0.04581250000000002
0 0.1840138888888889 0.6573125 0.11133333333333331 0.04581250000000002
0 0.21223611111111113 0.5996145833333333 0.07190277777777777 0.039437499999999896
0 0.32436111111111104 0.6683333333333333 0.0780972222222222 0.06553125000000008
0 0.4461388888888889 0.6778958333333333 0.12216666666666672 0.038270833333333344
0 0.5682916666666666 0.6921041666666666 0.12216666666666672 0.03653124999999993
0 0.629375 0.7416874999999999 0.10205555555555558 0.05683333333333328
0 0.6966527777777778 0.5398854166666667 0.09123611111111103 0.042916666666666714
0 0.6877500000000001 0.6204895833333333 0.08891666666666673 0.039437499999999896
0 0.7140416666666667 0.6651354166666666 0.075 0.042916666666666714