0 0.43889843749999996 0.922125 0.0544921875 0.10032291666666646
0 0.47711718750000004 0.8968194444444445 0.02890625 0.08715277777777777
0 0.78359375 0.9486111111111111 0.03125 0.10277777777777777
0 0.8175234375 0.8948472222222221 0.0578125 0.09442013888888899
0 0.8127812499999999 0.8184583333333333 0.0453125 0.06257465277777782
0 0.7385625 0.9126944444444445 0.04458691406250015 0.08060590277777761
0 0.7137265625 0.8194444444444444 0.0431640625 0.08630902777777767
0 0.7368828125 0.7113055555555555 0.032869140624999994 0.05783680555555553
0 0.8158515625 0.7648750000000001 0.05464550781249997 0.04548611111111111
0 0.9782343750000001 0.841763888888889 0.03984375 0.11170486111111112
0 0.618859375 0.7524861111111111 0.03825292968750009 0.06244965277777763
0 0.44196093750000004 0.7247083333333333 0.026409179687500027 0.07777777777777778
0 0.3060859375 0.9518888888888889 0.046875 0.09583333333333334
0 0.3169609375 0.8472222222222222 0.028208984374999968 0.10223263888888899
0 0.234375 0.8849166666666667 0.034375 0.08645833333333333
0 0.2823671875 0.8442500000000001 0.04688867187500003 0.0541423611111109
0 0.3214296875 0.7609166666666667 0.03359375 0.05406597222222224
0 0.3236640625 0.7222222222222222 0.02103710937500001 0.0445937500000001
0 0.157921875 0.9469305555555555 0.03770898437499999 0.06639409722222227
0 0.119140625 0.9677638888888889 0.0365234375 0.05595312500000015
0 0.134484375 0.8888888888888888 0.04140625 0.07549652777777788
0 0.0287421875 0.8298611111111112 0.04841015624999999 0.07579513888888888
0 0.1515078125 0.7817500000000001 0.040471679687500026 0.07802604166666641
0 0.1861015625 0.7748055555555555 0.03431835937499996 0.07634027777777766
0 0.20703125 0.7733194444444444 0.026255859375000034 0.0752725694444444
0 0.232140625 0.7619027777777778 0.02472070312500003 0.07857291666666666
0 0.25390625 0.7911666666666667 0.03568652343750003 0.05684548611111084
0 0.2553046875 0.7380972222222222 0.03458398437500003 0.06540104166666676
0 0.060265625 0.6994027777777778 0.041490234375 0.057142361111111165
0 0.12471874999999999 0.6592222222222222 0.039705078124999994 0.05173611111111111