0 0.4675390625 0.9111349693251533 0.07177734375 0.09779907975460103
0 0.39763671875 0.8598466257668712 0.08006347656250001 0.0674386503067485
0 0.374140625 0.8890797546012269 0.06878906250000005 0.11680214723926376
0 0.28900390625 0.9413496932515337 0.0862109375 0.09873466257668712
0 0.62287109375 0.8957975460122699 0.09780761718749997 0.16013036809815948
0 0.68939453125 0.873282208588957 0.055007324218749876 0.09523773006134974
0 0.84595703125 0.890521472392638 0.087890625 0.1475306748466255
0 0.7598828125 0.81 0.08169677734375003 0.0928412576687117
0 0.797421875 0.7798159509202454 0.08167968749999988 0.08596242331288345
0 0.778203125 0.8924539877300613 0.06377929687500017 0.09211656441717818
0 0.569453125 0.7817177914110429 0.06497314453125003 0.11750000000000002
0 0.120234375 0.9015644171779141 0.08194091796875001 0.08610429447852776
0 0.11505859375 0.81 0.11728027343750001 0.12970092024539878