0 0.3074765625 0.7936527777777778 0.09710156249999997 0.14286111111111097
0 0.2921328125 0.702375 0.06417187499999999 0.051583333333333314
0 0.5675234375 0.6532777777777778 0.0859375 0.06845833333333329
0 0.5298515625 0.5793611111111111 0.06752343750000005 0.07143055555555548
0 0.45340625 0.5947361111111111 0.07533593750000005 0.06647222222222224
0 0.6520625 0.7410694444444446 0.05635937500000008 0.09722222222222222
0 0.74609375 0.6924583333333333 0.08147656249999997 0.09920833333333326
0 0.7765078125 0.7901805555555554 0.06752343750000005 0.13393055555555564
0 0.8523984375 0.7703333333333333 0.06305468750000003 0.12401388888888884
0 0.5228828125 0.7891805555555556 0.09263281249999995 0.12995833333333323
0 0.46205468749999995 0.6760972222222223 0.035710937500000026 0.08234722222222225
0 0.228515625 0.7247083333333333 0.05301562500000001 0.09226388888888898
0 0.2720390625 0.6279722222222222 0.07645312500000001 0.08134722222222229
0 0.2000546875 0.5808472222222222 0.049664062500000015 0.07043055555555561
0 0.3395625 0.5952361111111111 0.044085937499999964 0.07540277777777772
0 0.439734375 0.4990138888888889 0.042414062499999974 0.06151388888888884
0 0.5259453125 0.5 0.061945312499999974 0.051583333333333314
0 0.5979375 0.49801388888888887 0.05189843750000005 0.03968055555555562
0 0.6361640625 0.5625 0.051335937500000026 0.07737500000000005
0 0.6640625 0.5401805555555556 0.03794531249999995 0.05852777777777776
0 0.7608828125 0.5699444444444445 0.06752343750000005 0.08431944444444449
0 0.7943671875 0.672625 0.049664062500000036 0.07143055555555548