0 0.09114583333333333 0.8416043613707165 0.038802083333333334 0.060286214953271224
0 0.19076041666666665 0.9584267912772585 0.05524088541666667 0.06729556074766375
0 0.2578125 0.9688473520249221 0.028125 0.06230529595015576
0 0.3359375 0.9131619937694704 0.05084635416666667 0.045171339563862926
0 0.32421875 0.7345171339563863 0.020052083333333335 0.0653485202492212
0 0.12077083333333333 0.6692990654205607 0.022738281250000013 0.029182242990654226
0 0.28417708333333336 0.9672897196261683 0.018458333333333243 0.06542056074766354
0 0.07338541666666668 0.794423676012461 0.028085937499999998 0.04357671339563853
0 0.6494583333333334 0.854766355140187 0.026328125000000095 0.06348909657320871
0 0.6137291666666667 0.7949999999999999 0.0366367187500001 0.04168613707165107
0 0.6481041666666666 0.9746105919003116 0.03419661458333323 0.0374532710280375
0 0.67359375 0.9656697819314642 0.03335286458333329 0.04336059190031167
0 0.5227708333333333 0.7805607476635514 0.027096354166666656 0.033860981308411184
0 0.5615833333333333 0.7964330218068536 0.0312734374999998 0.05721378504672887
0 0.4891666666666667 0.5960280373831776 0.014484374999999971 0.02488901869158877
0 0.5527083333333334 0.6529127725856698 0.024217447916666638 0.02185358255451727
0 0.556375 0.6783333333333333 0.030217447916666865 0.03940031152647987
0 0.39318749999999997 0.8345638629283488 0.03835937499999993 0.033983644859813256
0 0.6249270833333332 0.6563862928348909 0.021000000000000085 0.038570872274143374
0 0.7633958333333334 0.658411214953271 0.024708333333333363 0.0434968847352026
0 0.6353541666666668 0.6289563862928349 0.012919270833333248 0.020097352024922167
0 0.5579166666666667 0.5714797507788162 0.01669270833333319 0.031617990654205494
0 0.8136041666666666 0.5353894080996885 0.021829427083333287 0.031063084112149527
0 0.87328125 0.6286604361370717 0.02701432291666658 0.03429322429906544
0 0.9053333333333333 0.6679283489096574 0.025225260416666846 0.03429322429906544
0 0.72825 0.7476323987538941 0.022871093749999953 0.03419976635514012
0 0.77228125 0.7441744548286604 0.015651041666666525 0.04041666666666665
0 0.7805833333333333 0.7158722741433021 0.022921874999999876 0.035588006230529545
0 0.8004791666666667 0.7300155763239876 0.023666666666666693 0.03592289719626168
0 0.4648333333333333 0.9081931464174454 0.031200520833333318 0.06693925233644846
0 0.3080208333333333 0.9526635514018692 0.0270624999999999 0.06428348909657354
0 0.32425 0.9376479750778817 0.040481770833333285 0.046078660436137044
0 0.4296875 0.6514797507788161 0.030351562500000047 0.023111370716510867
0 0.39879166666666666 0.6404984423676012 0.024708333333333242 0.036024143302180595
0 0.4563333333333333 0.612196261682243 0.013539062500000061 0.021680295950155835
0 0.48801041666666667 0.5599376947040499 0.01983593750000002 0.027036604361370654
0 0.4507395833333333 0.5668691588785046 0.010322916666666633 0.02198598130841123
0 0.31265624999999997 0.5945794392523365 0.018601562499999957 0.02664719626168218
0 0.3395 0.588239875389408 0.01901822916666672 0.03896028037383185
0 0.3495416666666667 0.5766822429906542 0.021877604166666606 0.025011682242990663
0 0.8947187499999999 0.9454517133956386 0.03860416666666685 0.059645638629283515
0 0.9567083333333334 0.9665264797507788 0.04079947916666669 0.055050623052959456
0 0.9400937500000001 0.9463084112149532 0.034654947916666616 0.05189252336448607
0 0.8645937499999999 0.9743302180685358 0.027028645833333323 0.04845989096573197
0 0.92715625 0.8411993769470404 0.035354166666666485 0.059184190031152877
0 0.9783333333333334 0.6898753894080997 0.03135416666666657 0.03450934579439248
0 0.8611145833333332 0.7178971962616822 0.03125781249999993 0.04514018691588788
0 0.8363958333333333 0.687570093457944 0.020498697916666704 0.03244742990654216
0 0.7062291666666667 0.645404984423676 0.018794270833333352 0.024898753894081017
0 0.7317291666666667 0.6610124610591901 0.021438802083333285 0.024961059190031117
0 0.7245833333333334 0.6740031152647975 0.02008854166666675 0.02464369158878517