0 0.2867651006711409 0.9464210526315789 0.07922483221476515 0.09567105263157899
0 0.1156241610738255 0.9024 0.06140939597315436 0.07856315789473683
0 0.11836241610738256 0.8095789473684211 0.11296644295302011 0.12071578947368428
0 0.1802953020134228 0.8234526315789473 0.06433892617449664 0.06956842105263149
0 0.8505234899328858 0.8842105263157894 0.09768120805369102 0.1296631578947369
0 0.7959060402684565 0.7789473684210526 0.08572147651006705 0.0958842105263157
0 0.7611409395973153 0.8066947368421052 0.0791644295302013 0.08602631578947383
0 0.7861476510067114 0.8904210526315789 0.07882885906040295 0.08074210526315806
0 0.6903624161073826 0.8669894736842105 0.04830704697986575 0.07172368421052637
0 0.7080536912751678 0.7751157894736842 0.04749832214765103 0.11851578947368413
0 0.6555838926174496 0.7698526315789473 0.07254362416107377 0.1096631578947369
0 0.6214093959731544 0.8889894736842104 0.08726342281879182 0.1388289473684211
0 0.5777852348993289 0.7789473684210526 0.04742281879194636 0.12167368421052648
0 0.7657046979865773 0.5803789473684211 0.06293624161073831 0.07176842105263165
0 0.46826845637583897 0.9124421052631579 0.07521308724832222 0.1036842105263158
0 0.37828187919463085 0.8846947368421053 0.062994966442953 0.10725000000000005
0 0.3996375838926175 0.8636421052631579 0.08753859060402677 0.08679473684210519
0 0.32581208053691274 0.7775157894736842 0.07108053691275165 0.1260789473684209
0 0.24923489932885906 0.7722526315789473 0.07953020134228188 0.14253684210526324
0 0.192496644295302 0.7492842105263159 0.053661073825503364 0.09311052631578963