0 0.305 0.875 0.17221999999999996 0.10111333333333339
0 0.27166666666666667 0.95 0.2588866666666666 0.1
0 0.062 0.8216666666666667 0.124 0.08466666666666667
0 0.5905533333333334 0.9322199999999999 0.16778000000000004 0.13555333333333328
0 0.7783333333333333 0.8888866666666666 0.19888666666666663 0.10888666666666662
0 0.3333333333333333 0.72 0.12 0.11111333333333338
0 0.18778 0.7127800000000001 0.10444666666666665 0.15888666666666662
0 0.06333333333333334 0.67278 0.12666666666666668 0.1633333333333334
0 0.21666666666666667 0.6161133333333333 0.11333333333333333 0.08555333333333329
0 0.3233333333333333 0.5566666666666666 0.12222 0.12221999999999995
0 0.3494466666666666 0.6266666666666667 0.10555333333333332 0.08
0 0.19 0.54222 0.08666666666666667 0.07555333333333328
0 0.11833333333333333 0.5205533333333333 0.10777999999999997 0.06778000000000005
0 0.048666666666666664 0.47433333333333333 0.09733333333333333 0.122
0 0.06444666666666667 0.42 0.08888666666666667 0.05778000000000005
0 0.8633333333333333 0.4911133333333333 0.1 0.08
0 0.745 0.47 0.08778000000000005 0.06888666666666662
0 0.9633333333333334 0.47278 0.07333333333333333 0.11444666666666671
0 0.96222 0.37 0.07555333333333328 0.1
0 0.24722 0.47833333333333333 0.09222000000000002 0.08555333333333329