0 0.6459296875 0.8115138888888889 0.06640625 0.10318055555555551
0 0.6328125 0.9027777777777778 0.058039062499999974 0.11904166666666671
0 0.6029609375 0.9682499999999999 0.06975781249999997 0.06348611111111116
0 0.5086484375 0.9578333333333333 0.09096093750000005 0.07837500000000008
0 0.54296875 0.8839305555555554 0.0703125 0.10912499999999992
0 0.5689140625 0.8462361111111111 0.08203125 0.07737500000000005
0 0.5717109375 0.8090277777777778 0.06975781249999997 0.0625
0 0.825390625 0.96875 0.08984375 0.0625
0 0.7329765625 0.9290694444444444 0.07421875 0.10416666666666667
0 0.8094296875 0.9002916666666667 0.07757031249999997 0.07837500000000008
0 0.8044062500000001 0.8313472222222222 0.049664062500000036 0.08333333333333333
0 0.7455390625 0.8258888888888889 0.058039062499999974 0.08829166666666657
0 0.7642265625 0.7569444444444444 0.04520312499999992 0.06547222222222236
0 0.6880546875 0.7490138888888889 0.07254687499999993 0.06151388888888884
0 0.5359921875 0.7549583333333334 0.06082812499999992 0.08929166666666662
0 0.572546875 0.7217222222222222 0.05580468750000005 0.0625
0 0.62109375 0.7182499999999999 0.043523437500000026 0.06745833333333333