0 0.588171875 0.7842222222222222 0.051589843750000065 0.12688541666666645
0 0.5304140625 0.7629027777777777 0.040681640624999994 0.09588194444444456
0 0.46763281250000005 0.841763888888889 0.06330859375000006 0.07549652777777756
0 0.7681328125 0.7961250000000001 0.07209765624999989 0.10863194444444434
0 0.8021796875 0.7197361111111111 0.07166601562500005 0.1082586805555555
0 0.9148984375 0.7326388888888888 0.0592910156250003 0.12306597222222232
0 0.6400703125 0.6493055555555556 0.05546875 0.08189583333333338
0 0.888671875 0.49602777777777773 0.040123046875000054 0.07792708333333327
0 0.8956484375 0.5922638888888889 0.033440429687499676 0.05944965277777767
0 0.3953671875 0.9538749999999999 0.07504199218749993 0.07078298611111096
0 0.338171875 0.8630972222222222 0.04243945312499999 0.13477083333333345
0 0.2664609375 0.890375 0.06640625 0.1411701388888891
0 0.41657031250000004 0.7534722222222222 0.03516992187499999 0.12703298611111105
0 0.3507265625 0.7505000000000001 0.032560546875000006 0.07777777777777778
0 0.421875 0.6617083333333333 0.0482421875 0.058258680555555664
0 0.46763281250000005 0.6076388888888888 0.029158203124999994 0.08705208333333335
0 0.5365546875 0.45883333333333337 0.025222656250000065 0.07331249999999996
0 0.404578125 0.4990138888888889 0.034124023437500026 0.06773263888888895
0 0.2642265625 0.7827361111111112 0.05297167968749994 0.0458576388888891
0 0.24971875 0.8244027777777778 0.0412392578125 0.0610364583333336
0 0.6919609375 0.6681527777777778 0.05078125 0.07824826388888889
0 0.7059140625 0.5525833333333333 0.02734375 0.0887899305555556
0 0.7508359375 0.438 0.028194335937500092 0.08511979166666667
0 0.8660703125 0.3784722222222222 0.047474609375000296 0.059970486111111124
0 0.6640625 0.4201388888888889 0.03755566406249997 0.06542708333333344
0 0.2254453125 0.6205416666666667 0.034375 0.0889131944444445
0 0.26925 0.6111111111111112 0.025558593750000025 0.0778784722222222
0 0.2846015625 0.5505972222222222 0.02719042968749994 0.057217013888888994
0 0.1869453125 0.8268888888888889 0.04545117187499996 0.08209374999999978
0 0.13253125 0.8735138888888888 0.03911914062499999 0.08189583333333322