0 0.5874658203125 0.9621221864951769 0.0384521484375 0.06330385852090033
0 0.63720703125 0.9420257234726689 0.0390625 0.05526527331189711
0 0.5889892578125 0.917403536977492 0.047607421875 0.04220257234726688
0 0.3823876953125 0.9652331189710611 0.0396728515625 0.06953376205787781
0 0.1309228515625 0.9179099678456593 0.0360107421875 0.05526527331189711
0 0.081787109375 0.9329823151125403 0.0537109375 0.08942926045016077
0 0.1602197265625 0.865152733118971 0.0567626953125 0.07435691318327975
0 0.2117919921875 0.8365192926045016 0.032958984375 0.05727491961414791
0 0.9750390625 0.967644694533762 0.0457763671875 0.06229903536977492
0 0.9649658203125 0.9053456591639871 0.047607421875 0.04622186495176849
0 0.93841796875 0.927451768488746 0.0531005859375 0.0542604501607717
0 0.8984375 0.922427652733119 0.0390625 0.06430868167202572
0 0.8489990234375 0.9364951768488746 0.052490234375 0.07234726688102894
0 0.78705078125 0.9450401929260451 0.0421142578125 0.053255627009646304
0 0.77728515625 0.8782154340836013 0.0531005859375 0.04019292604501608
0 0.83099609375 0.845056270096463 0.0335693359375 0.0542604501607717
0 0.9365869140625 0.8395337620578779 0.0469970703125 0.05526527331189711
0 0.856630859375 0.7877813504823151 0.0335693359375 0.04019292604501608
0 0.6118798828125 0.840032154340836 0.0286865234375 0.05627009646302251
0 0.6427001953125 0.8566157556270098 0.035400390625 0.05526527331189711
0 0.284423828125 0.9364951768488746 0.04638671875 0.08842443729903537
0 0.524599609375 0.8887700964630226 0.0494384765625 0.049236334405144695
0 0.4473876953125 0.9535771704180064 0.064697265625 0.07435691318327975
0 0.390322265625 0.8671623794212219 0.0592041015625 0.04220257234726688
0 0.434267578125 0.8003456591639871 0.0335693359375 0.037178456591639875
0 0.7290673828125 0.747588424437299 0.0262451171875 0.03215434083601286
0 0.893857421875 0.8363424437299036 0.0401757812500001 0.04801446945337622
0 0.8914794921875 0.8081672025723473 0.030654296875000098 0.02890675241157559
0 0.98775390625 0.7657877813504823 0.023212890624999982 0.042138263665594915
0 0.9593310546875 0.7611334405144695 0.033032226562500044 0.03870578778135055
0 0.9648388671875 0.6807797427652733 0.028569335937500107 0.026945337620578765
0 0.9312060546875 0.7263504823151126 0.03868652343750001 0.029887459807074006
0 0.90263671875 0.739823151125402 0.026782226562499956 0.03135852090032153
0 0.92064453125 0.677596463022508 0.022319335937500018 0.036254019292604425
0 0.8390966796875 0.719975884244373 0.02767578124999992 0.03086816720257242
0 0.8109765625 0.7621141479099679 0.02737792968750008 0.040667202572347204
0 0.7766015625 0.8361012861736333 0.03481933593749997 0.03772508038585205
0 0.7206494140625 0.9213504823151126 0.03898437500000007 0.08672025723472677
0 0.772734375 0.8044935691318328 0.03362792968749995 0.029397106109324708
0 0.7770458984375 0.787588424437299 0.039877929687500036 0.026945337620578765
0 0.80904296875 0.7138585209003215 0.025297851562499973 0.03429260450160778
0 0.7795751953125 0.7094453376205787 0.028271484375000044 0.03919614147909967
0 0.750263671875 0.6991559485530546 0.03273437499999998 0.044091639871382565
0 0.7306201171875 0.705032154340836 0.035117187500000036 0.03037781350482312
0 0.70279296875 0.7292845659163987 0.03125 0.03381028938906748
0 0.6892529296875 0.7025884244372991 0.03452148437499991 0.029397106109324708
0 0.68955078125 0.674903536977492 0.023212890624999982 0.024983922829581937
0 0.724072265625 0.6768649517684887 0.04226074218750009 0.02890675241157559
0 0.738955078125 0.6584887459807074 0.018452148437499982 0.033319935691318366
0 0.47958984375 0.8378135048231511 0.05088867187499996 0.027435691318328063
0 0.483759765625 0.8713745980707396 0.037797851562499984 0.043609324758842445
0 0.5286962890625 0.7934726688102894 0.04196289062500003 0.052427652733118994
0 0.4885205078125 0.7564790996784565 0.025297851562499973 0.05487138263665594
0 0.45384765625 0.7589308681672026 0.03154785156249995 0.03429260450160778
0 0.4327197265625 0.7640755627009647 0.03095214843750005 0.03870578778135055
0 0.514560546875 0.7087138263665594 0.03154785156250001 0.029887459807074006
0 0.5456591796875 0.6893569131832797 0.02470214843750007 0.055852090032154356
0 0.525126953125 0.607540192926045 0.02112792968749999 0.02155948553054657
0 0.4660498046875 0.6570176848874598 0.023808593749999996 0.04605305466237939
0 0.738359375 0.7956752411575563 0.02440429687500001 0.03919614147909967
0 0.7318115234375 0.8177250803858521 0.022021484374999956 0.04997588424437305
0 0.680029296875 0.7942041800643087 0.027973632812499982 0.04605305466237939
0 0.645654296875 0.8093971061093247 0.02946289062500007 0.047033762057877807
0 0.5989306640625 0.8062138263665595 0.05505859375000011 0.032829581993569064
0 0.57095703125 0.7525643086816721 0.02767578124999992 0.047033762057877807
0 0.62943359375 0.7082234726688102 0.023212890624999982 0.032829581993569064
0 0.8843359375 0.6685369774919614 0.033032226562500044 0.029887459807074006
0 0.7687158203125 0.652612540192926 0.02440429687500001 0.03723472668810284
0 0.777939453125 0.6477090032154341 0.023808593750000107 0.025474276527331235
0 0.6885107421875 0.6254180064308682 0.019345703124999947 0.052427652733118994
0 0.8081494140625 0.6435450160771704 0.024106445312499947 0.031848874598070655
0 0.8904345703125 0.6063102893890675 0.03452148437499991 0.03086816720257242
0 0.3179931640625 0.8128215434083601 0.03720214843750003 0.06173633440514466
0 0.2926953125 0.7447186495176848 0.03244140625000003 0.033319935691318366
0 0.2287109375 0.7871061093247588 0.042558593749999984 0.03772508038585214
0 0.179306640625 0.7839147909967846 0.04375000000000001 0.04899517684887463
0 0.0504443359375 0.9206109324758842 0.0443408203125 0.07153536977491944
0 0.01513671875 0.9284565916398714 0.0302734375 0.05305466237942122
0 0.053271484375 0.8752893890675241 0.04106933593750001 0.04948553054662375
0 0.095234375 0.8799437299035371 0.05000000000000002 0.05095659163987128
0 0.098359375 0.802532154340836 0.029462890625000016 0.045072347266880974
0 0.1261865234375 0.8123311897106109 0.032143554687500006 0.04115755627009641
0 0.045087890625 0.7518247588424437 0.0258935546875 0.03968649517684879
0 0.017412109375 0.7608922829581993 0.027675781250000003 0.03233922829581995
0 0.076337890625 0.6893569131832797 0.0372021484375 0.036254019292604425
0 0.1738037109375 0.7278215434083601 0.03452148437500002 0.03674437299035373
0 0.2296044921875 0.755257234726688 0.024702148437500016 0.026945337620578765
0 0.31962890625 0.7621141479099679 0.02737792968749997 0.0347829581993569
0 0.3348046875 0.7381109324758842 0.030356445312500036 0.027926045016077178
0 0.2992431640625 0.6989147909967846 0.03244140625000003 0.03772508038585214
0 0.2855517578125 0.690096463022508 0.0264892578125 0.03576366559485531
0 0.25326171875 0.7182636655948553 0.03273437499999998 0.033319935691318366
0 0.1111572265625 0.6592282958199357 0.027675781250000003 0.0347829581993569
0 0.1245458984375 0.6663263665594855 0.024702148437500016 0.0235209003215434
0 0.15103515625 0.6481993569131833 0.03125 0.028416398713826292
0 0.192548828125 0.6954823151125401 0.03392578125000001 0.032829581993569064