0 0.6308428571428571 0.8416210526315789 0.05139642857142868 0.11578947368421053
0 0.7337714285714285 0.878 0.10996785714285717 0.14698421052631577
0 0.8090857142857143 0.7885263157894737 0.08477142857142846 0.1033947368421054
0 0.8840857142857143 0.7502315789473685 0.07970714285714263 0.07574210526315782
0 0.8655857142857143 0.8784631578947368 0.11097321428571409 0.0837789473684212
0 0.40454285714285715 0.8473684210526315 0.07461071428571439 0.09942631578947361
0 0.31688571428571427 0.8904210526315789 0.07675357142857138 0.10564736842105264
0 0.2103857142857143 0.8842105263157894 0.0772392857142857 0.1562684210526315
0 0.10032857142857143 0.9057473684210526 0.09461071428571427 0.15535789473684225
0 0.11364285714285714 0.7210526315789474 0.058555357142857145 0.09889999999999992
0 0.06038571428571429 0.7574105263157894 0.06849107142857144 0.08055000000000004
0 0.11492857142857144 0.7918736842105263 0.0818339285714286 0.05476052631578951
0 0.23864285714285716 0.7923368421052632 0.04866785714285714 0.10942631578947361
0 0.4577857142857143 0.6956842105263158 0.04452857142857137 0.09519210526315802
0 0.7849428571428572 0.6684421052631578 0.05513928571428551 0.08672631578947355
0 0.3656857142857143 0.6690315789473684 0.05943392857142864 0.0927184210526318
0 0.20972857142857143 0.7041052631578947 0.0685214285714286 0.08652105263157887
0 0.2865142857142857 0.7140421052631579 0.04736071428571433 0.059560526315789696
0 0.4972285714285714 0.5865684210526316 0.039603571428571384 0.09409473684210513