0 0.32885714285714285 0.7871428571428571 0.14221428571428577 0.13532142857142873
0 0.44285714285714284 0.9428571428571428 0.14285714285714285 0.11428571428571428
0 0.8629523809523809 0.8301428571428572 0.10830952380952383 0.14092857142857157
0 0.7336190476190476 0.8368571428571429 0.134357142857143 0.16505357142857144
0 0.6319047619047619 0.6317857142857143 0.10485714285714284 0.07852678571428576
0 0.6171428571428571 0.6969285714285713 0.20955952380952378 0.06575892857142865
0 0.6248571428571429 0.7678571428571429 0.18390476190476193 0.10362499999999995
0 0.5945714285714285 0.8566428571428572 0.13339285714285723 0.09968750000000008
0 0.17695238095238094 0.876 0.1273571428571429 0.1525178571428571
0 0.09914285714285714 0.931 0.14123809523809527 0.13580357142857144
0 0.04285714285714286 0.5857142857142857 0.08571428571428572 0.11428571428571428
0 0.13323809523809524 0.5955714285714285 0.08059523809523811 0.11959821428571432
0 0.26257142857142857 0.5120714285714285 0.12245238095238094 0.05014285714285722
0 0.22199999999999998 0.5941428571428572 0.09426190476190477 0.0920892857142856
0 0.41380952380952385 0.6327142857142857 0.10502380952380956 0.09319642857142847