0 0.588171875 0.7842222222222222 0.04464062500000008 0.12004166666666675
0 0.5304140625 0.7629027777777777 0.038507812499999974 0.09325000000000014
0 0.46763281250000005 0.841763888888889 0.06026562500000008 0.0644861111111112
0 0.7681328125 0.7961250000000001 0.07198437499999999 0.10813888888888876
0 0.8021796875 0.7197361111111111 0.06864062500000001 0.10218055555555547
0 0.9148984375 0.7326388888888888 0.057476562500000127 0.12004166666666675
0 0.6400703125 0.6493055555555556 0.0546875 0.08036111111111113
0 0.888671875 0.49602777777777773 0.036273437499999873 0.07143055555555548
0 0.8956484375 0.5922638888888889 0.032367187499999873 0.057541666666666595
0 0.3953671875 0.9538749999999999 0.07533593749999996 0.07043055555555561
0 0.338171875 0.8630972222222222 0.042414062499999974 0.1349166666666668
0 0.2664609375 0.890375 0.05859375 0.12995833333333323
0 0.41657031250000004 0.7534722222222222 0.03292187500000008 0.12598611111111116
0 0.3507265625 0.7505000000000001 0.031804687500000026 0.0763888888888889
0 0.421875 0.6617083333333333 0.046875 0.05356944444444452
0 0.46763281250000005 0.6076388888888888 0.02678906249999997 0.08431944444444449
0 0.5365546875 0.45883333333333337 0.02510937500000008 0.07241666666666664
0 0.404578125 0.4990138888888889 0.032367187500000005 0.06547222222222221
0 0.2642265625 0.7827361111111112 0.051898437499999964 0.037694444444444586
0 0.24971875 0.8244027777777778 0.038507812499999974 0.05356944444444436
0 0.6919609375 0.6681527777777778 0.046875 0.07043055555555561
0 0.7059140625 0.5525833333333333 0.0234375 0.08531944444444438
0 0.7508359375 0.438 0.02399218750000003 0.08234722222222217
0 0.8660703125 0.3784722222222222 0.0446406249999999 0.05059722222222219
0 0.6640625 0.4201388888888889 0.03794531249999995 0.06647222222222224
0 0.2254453125 0.6205416666666667 0.03125 0.08630555555555554
0 0.26925 0.6111111111111112 0.02176562500000001 0.07540277777777772
0 0.2846015625 0.5505972222222222 0.02455468749999996 0.05356944444444452
0 0.1869453125 0.8268888888888889 0.043523437499999984 0.07837500000000008
0 0.13253125 0.8735138888888888 0.038507812500000016 0.08036111111111097