0 0.22135253906249996 0.869140625 0.1566162109375 0.15787760416666666
0 0.3206396484375 0.8208528645833333 0.0806683349609375 0.12369791666666667
0 0.6990576171875 0.7693164062500001 0.1059368896484374 0.11916748046875014
0 0.914306640625 0.7666015625 0.0940753173828126 0.09971761067708347
0 0.7645654296875 0.888671875 0.1170654296875 0.09890380859375014
0 0.5830908203125 0.9049479166666666 0.0975341796875 0.11208740234375014
0 0.878720703125 0.6220703125 0.09276123046874996 0.07104085286458339
0 0.869560546875 0.5602473958333333 0.07220092773437492 0.06463216145833339
0 0.9203173828125 0.5421809895833333 0.07426879882812498 0.0728792317708334
0 0.7852197265625 0.5322591145833333 0.08003662109374998 0.05660481770833329
0 0.829296875 0.49816406249999995 0.06541381835937488 0.042983398437499876
0 0.827392578125 0.44702473958333333 0.04061523437499992 0.0555126953125001
0 0.6106201171875 0.70017578125 0.09725463867187512 0.07383789062499997
0 0.5241796875 0.7808333333333333 0.07970825195312492 0.08471028645833349
0 0.1984521484375 0.6838932291666667 0.08530517578125002 0.05809082031249998
0 0.45625 0.6340299479166667 0.05427246093749993 0.07312418619791676
0 0.5144482421875 0.5505729166666666 0.067939453125 0.055222981770833325
0 0.51673828125 0.5981510416666667 0.08458862304687492 0.03765787760416665
0 0.5142578125 0.633515625 0.06751831054687502 0.05841878255208336
0 0.646494140625 0.64064453125 0.08126525878906254 0.06377929687500002
0 0.60794921875 0.6574348958333334 0.08021606445312512 0.04553710937499996
0 0.5264697265625 0.7197721354166666 0.08898864746093743 0.06121337890624989
0 0.4419384765625 0.8874348958333332 0.0994927978515624 0.07563639322916653
0 0.4554833984375 0.8312044270833333 0.12017944335937492 0.061197916666666664
0 0.51578125 0.8762434895833334 0.05629455566406244 0.10918782552083339