0 0.32885714285714285 0.7871428571428571 0.14028571428571432 0.13414285714285715
0 0.44657142857142856 0.9478571428571427 0.12609523809523804 0.10421428571428563
0 0.8629523809523809 0.8301428571428572 0.10942857142857151 0.13514285714285726
0 0.7336190476190476 0.8368571428571429 0.11838095238095245 0.16021428571428575
0 0.6319047619047619 0.6317857142857143 0.10552380952380958 0.07821428571428564
0 0.6171428571428571 0.6969285714285713 0.2098095238095238 0.061785714285714326
0 0.6248571428571429 0.7678571428571429 0.17371428571428574 0.08592857142857144
0 0.5945714285714285 0.8566428571428572 0.1338095238095238 0.09750000000000004
0 0.17695238095238094 0.876 0.10942857142857144 0.14578571428571427
0 0.09914285714285714 0.931 0.13638095238095238 0.13607142857142865
0 0.04314285714285714 0.5902857142857143 0.07847619047619048 0.11485714285714295
0 0.13323809523809524 0.5955714285714285 0.07333333333333332 0.11392857142857135
0 0.26257142857142857 0.5120714285714285 0.11838095238095235 0.04342857142857152
0 0.22199999999999998 0.5941428571428572 0.0913333333333333 0.08978571428571423
0 0.41380952380952385 0.6327142857142857 0.10685714285714284 0.09557142857142854