0 0.5541328125 0.7886944444444445 0.04684667968749991 0.09414756944444427
0 0.5814765625 0.908236111111111 0.05563574218749991 0.09756944444444444
0 0.6236015625 0.8809583333333333 0.043763671874999945 0.07388368055555551
0 0.6796875 0.8874027777777778 0.0642578125 0.10798611111111112
0 0.238 0.7113055555555555 0.03800195312500003 0.07192361111111115
0 0.21484375 0.7916666666666666 0.048046875 0.10238194444444433
0 0.19296875 0.9625 0.059375 0.075
0 0.3783515625 0.6354166666666666 0.034361328124999965 0.05
0 0.3111015625 0.6929583333333332 0.04356835937500003 0.061581597222222305
0 0.38364843749999994 0.7415694444444444 0.0373046875 0.05528298611111085
0 0.3995546875 0.8050555555555555 0.03649609375000003 0.09047569444444466
0 0.47991406249999996 0.828375 0.05407324218749991 0.09828819444444466
0 0.6810859375 0.7822361111111111 0.03676074218750003 0.06949479166666682
0 0.740234375 0.6914722222222223 0.028850585937500027 0.07358680555555558
0 0.70703125 0.6914722222222223 0.04408398437500001 0.06671527777777782
0 0.53515625 0.6934583333333334 0.045646484375000004 0.0708819444444444
0 0.49107031250000005 0.6964305555555556 0.0322265625 0.04632986111111105