0 0.3090415335463259 0.837937649880096 0.06758785942492013 0.14848920863309342
0 0.38798722044728434 0.7623021582733813 0.05345047923322685 0.1079136690647482
0 0.37263578274760384 0.8347242206235012 0.07188498402555911 0.04980815347721818
0 0.14007987220447285 0.911726618705036 0.0983067092651757 0.08577937649880092
0 0.14992012779552716 0.6092086330935251 0.0442332268370607 0.05256594724220627
0 0.11212460063897763 0.7913669064748201 0.04731629392971247 0.06640287769784185
0 0.12718849840255592 0.9131175059952038 0.0749520766773163 0.06270983213429251
0 0.35666134185303516 0.9366426858513189 0.058370607028754025 0.11529976019184662
0 0.37201277955271567 0.8300959232613908 0.06329073482428116 0.047961630695443645
0 0.37416932907348244 0.8909832134292567 0.06635782747603837 0.07378896882494
0 0.2592811501597444 0.965779376498801 0.07372204472843447 0.068441247002398
0 0.45803514376996807 0.7738369304556355 0.03501597444089451 0.06824940047961639
0 0.4844568690095846 0.9232613908872902 0.043626198083067 0.06455635491606705
0 0.5077955271565495 0.8411750599520383 0.03501597444089451 0.07009592326139093
0 0.4998083067092652 0.8808393285371703 0.042396166134185245 0.05350119904076726
0 0.48322683706070285 0.7254196642685852 0.028881789137380258 0.07470023980815342
0 0.5511182108626198 0.7687769784172661 0.025798722044728398 0.05441247002398095