0 0.2124 0.9209333333333333 0.1461916666666667 0.13988333333333344
0 0.37333333333333335 0.9433333333333334 0.17333333333333334 0.11333333333333333
0 0.4904666666666666 0.8352666666666667 0.12678333333333322 0.08024166666666682
0 0.6762 0.9433333333333334 0.11523333333333331 0.09714999999999994
0 0.7952666666666668 0.8204666666666666 0.13964166666666672 0.14833333333333334
0 0.8571333333333333 0.7152666666666667 0.1159499999999999 0.12071666666666658
0 0.7586 0.6995333333333333 0.09451666666666654 0.11356666666666665
0 0.6471333333333333 0.7219333333333334 0.08274166666666663 0.12475833333333318
0 0.6871333333333333 0.8624 0.14678333333333324 0.08714166666666652
0 0.33286666666666664 0.7771333333333333 0.14535833333333328 0.11321666666666677
0 0.5142666666666666 0.7437999999999999 0.08619166666666672 0.1105916666666667
0 0.4771333333333333 0.6086 0.062383333333333436 0.08643333333333336