0 0.2124 0.9209333333333333 0.1428666666666667 0.13906666666666676
0 0.3771333333333333 0.9466666666666667 0.1676 0.10666666666666667
0 0.4904666666666666 0.8352666666666667 0.12759999999999996 0.08193333333333327
0 0.6762 0.9433333333333334 0.11426666666666657 0.08860000000000014
0 0.7952666666666668 0.8204666666666666 0.12380000000000005 0.14
0 0.8571333333333333 0.7152666666666667 0.11046666666666662 0.11620000000000004
0 0.7586 0.6995333333333333 0.08473333333333338 0.1075999999999999
0 0.6471333333333333 0.7219333333333334 0.0752666666666666 0.11806666666666672
0 0.6871333333333333 0.8624 0.1475999999999999 0.09046666666666663
0 0.33286666666666664 0.7771333333333333 0.13619999999999996 0.09906666666666676
0 0.5142666666666666 0.7437999999999999 0.07620000000000005 0.10473333333333339
0 0.4771333333333333 0.6086 0.06286666666666671 0.08573333333333323